"AD","ED","County","EDAD Status","Event","Party/Independent Body","Office/Position Title","District Key","VoteFor","Unit Name","Tally","78","007","Bronx","IN-PLAY","General Election 2020 - 11/03/2020",,"State Senator","34",1,"Public Counter",146
"AD","ED","County","EDAD Status","Event","Party/Independent Body","Office/Position Title","District Key","VoteFor","Unit Name","Tally","78","007","Bronx","IN-PLAY","General Election 2020 - 11/03/2020",,"State Senator","34",1,"Manually Counted Emergency",0
"AD","ED","County","EDAD Status","Event","Party/Independent Body","Office/Position Title","District Key","VoteFor","Unit Name","Tally","78","007","Bronx","IN-PLAY","General Election 2020 - 11/03/2020",,"State Senator","34",1,"Absentee / Military",25
"AD","ED","County","EDAD Status","Event","Party/Independent Body","Office/Position Title","District Key","VoteFor","Unit Name","Tally","78","007","Bronx","IN-PLAY","General Election 2020 - 11/03/2020",,"State Senator","34",1,"Federal",1
"AD","ED","County","EDAD Status","Event","Party/Independent Body","Office/Position Title","District Key","VoteFor","Unit Name","Tally","78","007","Bronx","IN-PLAY","General Election 2020 - 11/03/2020",,"State Senator","34",1,"Special Presidential",0
"AD","ED","County","EDAD Status","Event","Party/Independent Body","Office/Position Title","District Key","VoteFor","Unit Name","Tally","78","007","Bronx","IN-PLAY","General Election 2020 - 11/03/2020",,"State Senator","34",1,"Affidavit",2
"AD","ED","County","EDAD Status","Event","Party/Independent Body","Office/Position Title","District Key","VoteFor","Unit Name","Tally","78","007","Bronx","IN-PLAY","General Election 2020 - 11/03/2020",,"State Senator","34",1,"Alessandra Biaggi (Democratic)",119
"AD","ED","County","EDAD Status","Event","Party/Independent Body","Office/Position Title","District Key","VoteFor","Unit Name","Tally","78","007","Bronx","IN-PLAY","General Election 2020 - 11/03/2020",,"State Senator","34",1,"James B. Gisondi (Republican)",29
"AD","ED","County","EDAD Status","Event","Party/Independent Body","Office/Position Title","District Key","VoteFor","Unit Name","Tally","78","007","Bronx","IN-PLAY","General Election 2020 - 11/03/2020",,"State Senator","34",1,"Antonio Vitiello (Conservative)",4
"AD","ED","County","EDAD Status","Event","Party/Independent Body","Office/Position Title","District Key","VoteFor","Unit Name","Tally","78","007","Bronx","IN-PLAY","General Election 2020 - 11/03/2020",,"State Senator","34",1,"Alessandra Biaggi (Working Families)",11
"AD","ED","County","EDAD Status","Event","Party/Independent Body","Office/Position Title","District Key","VoteFor","Unit Name","Tally","78","016","Bronx","IN-PLAY","General Election 2020 - 11/03/2020",,"State Senator","34",1,"Public Counter",442
"AD","ED","County","EDAD Status","Event","Party/Independent Body","Office/Position Title","District Key","VoteFor","Unit Name","Tally","78","016","Bronx","IN-PLAY","General Election 2020 - 11/03/2020",,"State Senator","34",1,"Manually Counted Emergency",0
"AD","ED","County","EDAD Status","Event","Party/Independent Body","Office/Position Title","District Key","VoteFor","Unit Name","Tally","78","016","Bronx","IN-PLAY","General Election 2020 - 11/03/2020",,"State Senator","34",1,"Absentee / Military",73
"AD","ED","County","EDAD Status","Event","Party/Independent Body","Office/Position Title","District Key","VoteFor","Unit Name","Tally","78","016","Bronx","IN-PLAY","General Election 2020 - 11/03/2020",,"State Senator","34",1,"Federal",0
"AD","ED","County","EDAD Status","Event","Party/Independent Body","Office/Position Title","District Key","VoteFor","Unit Name","Tally","78","016","Bronx","IN-PLAY","General Election 2020 - 11/03/2020",,"State Senator","34",1,"Special Presidential",0
"AD","ED","County","EDAD Status","Event","Party/Independent Body","Office/Position Title","District Key","VoteFor","Unit Name","Tally","78","016","Bronx","IN-PLAY","General Election 2020 - 11/03/2020",,"State Senator","34",1,"Affidavit",17
"AD","ED","County","EDAD Status","Event","Party/Independent Body","Office/Position Title","District Key","VoteFor","Unit Name","Tally","78","016","Bronx","IN-PLAY","General Election 2020 - 11/03/2020",,"State Senator","34",1,"Alessandra Biaggi (Democratic)",401
"AD","ED","County","EDAD Status","Event","Party/Independent Body","Office/Position Title","District Key","VoteFor","Unit Name","Tally","78","016","Bronx","IN-PLAY","General Election 2020 - 11/03/2020",,"State Senator","34",1,"James B. Gisondi (Republican)",54
"AD","ED","County","EDAD Status","Event","Party/Independent Body","Office/Position Title","District Key","VoteFor","Unit Name","Tally","78","016","Bronx","IN-PLAY","General Election 2020 - 11/03/2020",,"State Senator","34",1,"Antonio Vitiello (Conservative)",5
"AD","ED","County","EDAD Status","Event","Party/Independent Body","Office/Position Title","District Key","VoteFor","Unit Name","Tally","78","016","Bronx","IN-PLAY","General Election 2020 - 11/03/2020",,"State Senator","34",1,"Alessandra Biaggi (Working Families)",31
"AD","ED","County","EDAD Status","Event","Party/Independent Body","Office/Position Title","District Key","VoteFor","Unit Name","Tally","78","030","Bronx","IN-PLAY","General Election 2020 - 11/03/2020",,"State Senator","34",1,"Public Counter",348
"AD","ED","County","EDAD Status","Event","Party/Independent Body","Office/Position Title","District Key","VoteFor","Unit Name","Tally","78","030","Bronx","IN-PLAY","General Election 2020 - 11/03/2020",,"State Senator","34",1,"Manually Counted Emergency",0
"AD","ED","County","EDAD Status","Event","Party/Independent Body","Office/Position Title","District Key","VoteFor","Unit Name","Tally","78","030","Bronx","IN-PLAY","General Election 2020 - 11/03/2020",,"State Senator","34",1,"Absentee / Military",48
"AD","ED","County","EDAD Status","Event","Party/Independent Body","Office/Position Title","District Key","VoteFor","Unit Name","Tally","78","030","Bronx","IN-PLAY","General Election 2020 - 11/03/2020",,"State Senator","34",1,"Federal",3
"AD","ED","County","EDAD Status","Event","Party/Independent Body","Office/Position Title","District Key","VoteFor","Unit Name","Tally","78","030","Bronx","IN-PLAY","General Election 2020 - 11/03/2020",,"State Senator","34",1,"Special Presidential",0
"AD","ED","County","EDAD Status","Event","Party/Independent Body","Office/Position Title","District Key","VoteFor","Unit Name","Tally","78","030","Bronx","IN-PLAY","General Election 2020 - 11/03/2020",,"State Senator","34",1,"Affidavit",4
"AD","ED","County","EDAD Status","Event","Party/Independent Body","Office/Position Title","District Key","VoteFor","Unit Name","Tally","78","030","Bronx","IN-PLAY","General Election 2020 - 11/03/2020",,"State Senator","34",1,"Alessandra Biaggi (Democratic)",290
"AD","ED","County","EDAD Status","Event","Party/Independent Body","Office/Position Title","District Key","VoteFor","Unit Name","Tally","78","030","Bronx","IN-PLAY","General Election 2020 - 11/03/2020",,"State Senator","34",1,"James B. Gisondi (Republican)",48
"AD","ED","County","EDAD Status","Event","Party/Independent Body","Office/Position Title","District Key","VoteFor","Unit Name","Tally","78","030","Bronx","IN-PLAY","General Election 2020 - 11/03/2020",,"State Senator","34",1,"Antonio Vitiello (Conservative)",10
"AD","ED","County","EDAD Status","Event","Party/Independent Body","Office/Position Title","District Key","VoteFor","Unit Name","Tally","78","030","Bronx","IN-PLAY","General Election 2020 - 11/03/2020",,"State Senator","34",1,"Alessandra Biaggi (Working Families)",29
"AD","ED","County","EDAD Status","Event","Party/Independent Body","Office/Position Title","District Key","VoteFor","Unit Name","Tally","78","031","Bronx","IN-PLAY","General Election 2020 - 11/03/2020",,"State Senator","34",1,"Public Counter",469
"AD","ED","County","EDAD Status","Event","Party/Independent Body","Office/Position Title","District Key","VoteFor","Unit Name","Tally","78","031","Bronx","IN-PLAY","General Election 2020 - 11/03/2020",,"State Senator","34",1,"Manually Counted Emergency",0
"AD","ED","County","EDAD Status","Event","Party/Independent Body","Office/Position Title","District Key","VoteFor","Unit Name","Tally","78","031","Bronx","IN-PLAY","General Election 2020 - 11/03/2020",,"State Senator","34",1,"Absentee / Military",93
"AD","ED","County","EDAD Status","Event","Party/Independent Body","Office/Position Title","District Key","VoteFor","Unit Name","Tally","78","031","Bronx","IN-PLAY","General Election 2020 - 11/03/2020",,"State Senator","34",1,"Federal",2
"AD","ED","County","EDAD Status","Event","Party/Independent Body","Office/Position Title","District Key","VoteFor","Unit Name","Tally","78","031","Bronx","IN-PLAY","General Election 2020 - 11/03/2020",,"State Senator","34",1,"Special Presidential",0
"AD","ED","County","EDAD Status","Event","Party/Independent Body","Office/Position Title","District Key","VoteFor","Unit Name","Tally","78","031","Bronx","IN-PLAY","General Election 2020 - 11/03/2020",,"State Senator","34",1,"Affidavit",2
"AD","ED","County","EDAD Status","Event","Party/Independent Body","Office/Position Title","District Key","VoteFor","Unit Name","Tally","78","031","Bronx","IN-PLAY","General Election 2020 - 11/03/2020",,"State Senator","34",1,"Alessandra Biaggi (Democratic)",443
"AD","ED","County","EDAD Status","Event","Party/Independent Body","Office/Position Title","District Key","VoteFor","Unit Name","Tally","78","031","Bronx","IN-PLAY","General Election 2020 - 11/03/2020",,"State Senator","34",1,"James B. Gisondi (Republican)",64
"AD","ED","County","EDAD Status","Event","Party/Independent Body","Office/Position Title","District Key","VoteFor","Unit Name","Tally","78","031","Bronx","IN-PLAY","General Election 2020 - 11/03/2020",,"State Senator","34",1,"Antonio Vitiello (Conservative)",6
"AD","ED","County","EDAD Status","Event","Party/Independent Body","Office/Position Title","District Key","VoteFor","Unit Name","Tally","78","031","Bronx","IN-PLAY","General Election 2020 - 11/03/2020",,"State Senator","34",1,"Alessandra Biaggi (Working Families)",26
"AD","ED","County","EDAD Status","Event","Party/Independent Body","Office/Position Title","District Key","VoteFor","Unit Name","Tally","78","036","Bronx","IN-PLAY","General Election 2020 - 11/03/2020",,"State Senator","34",1,"Public Counter",482
"AD","ED","County","EDAD Status","Event","Party/Independent Body","Office/Position Title","District Key","VoteFor","Unit Name","Tally","78","036","Bronx","IN-PLAY","General Election 2020 - 11/03/2020",,"State Senator","34",1,"Manually Counted Emergency",0
"AD","ED","County","EDAD Status","Event","Party/Independent Body","Office/Position Title","District Key","VoteFor","Unit Name","Tally","78","036","Bronx","IN-PLAY","General Election 2020 - 11/03/2020",,"State Senator","34",1,"Absentee / Military",80
"AD","ED","County","EDAD Status","Event","Party/Independent Body","Office/Position Title","District Key","VoteFor","Unit Name","Tally","78","036","Bronx","IN-PLAY","General Election 2020 - 11/03/2020",,"State Senator","34",1,"Federal",1
"AD","ED","County","EDAD Status","Event","Party/Independent Body","Office/Position Title","District Key","VoteFor","Unit Name","Tally","78","036","Bronx","IN-PLAY","General Election 2020 - 11/03/2020",,"State Senator","34",1,"Special Presidential",0
"AD","ED","County","EDAD Status","Event","Party/Independent Body","Office/Position Title","District Key","VoteFor","Unit Name","Tally","78","036","Bronx","IN-PLAY","General Election 2020 - 11/03/2020",,"State Senator","34",1,"Affidavit",15
"AD","ED","County","EDAD Status","Event","Party/Independent Body","Office/Position Title","District Key","VoteFor","Unit Name","Tally","78","036","Bronx","IN-PLAY","General Election 2020 - 11/03/2020",,"State Senator","34",1,"Alessandra Biaggi (Democratic)",453
"AD","ED","County","EDAD Status","Event","Party/Independent Body","Office/Position Title","District Key","VoteFor","Unit Name","Tally","78","036","Bronx","IN-PLAY","General Election 2020 - 11/03/2020",,"State Senator","34",1,"James B. Gisondi (Republican)",59
"AD","ED","County","EDAD Status","Event","Party/Independent Body","Office/Position Title","District Key","VoteFor","Unit Name","Tally","78","036","Bronx","IN-PLAY","General Election 2020 - 11/03/2020",,"State Senator","34",1,"Antonio Vitiello (Conservative)",9
"AD","ED","County","EDAD Status","Event","Party/Independent Body","Office/Position Title","District Key","VoteFor","Unit Name","Tally","78","036","Bronx","IN-PLAY","General Election 2020 - 11/03/2020",,"State Senator","34",1,"Alessandra Biaggi (Working Families)",28
"AD","ED","County","EDAD Status","Event","Party/Independent Body","Office/Position Title","District Key","VoteFor","Unit Name","Tally","78","036","Bronx","IN-PLAY","General Election 2020 - 11/03/2020",,"State Senator","34",1,"Scattered",1
"AD","ED","County","EDAD Status","Event","Party/Independent Body","Office/Position Title","District Key","VoteFor","Unit Name","Tally","78","037","Bronx","IN-PLAY","General Election 2020 - 11/03/2020",,"State Senator","34",1,"Public Counter",38
"AD","ED","County","EDAD Status","Event","Party/Independent Body","Office/Position Title","District Key","VoteFor","Unit Name","Tally","78","037","Bronx","IN-PLAY","General Election 2020 - 11/03/2020",,"State Senator","34",1,"Manually Counted Emergency",0
"AD","ED","County","EDAD Status","Event","Party/Independent Body","Office/Position Title","District Key","VoteFor","Unit Name","Tally","78","037","Bronx","IN-PLAY","General Election 2020 - 11/03/2020",,"State Senator","34",1,"Absentee / Military",26
"AD","ED","County","EDAD Status","Event","Party/Independent Body","Office/Position Title","District Key","VoteFor","Unit Name","Tally","78","037","Bronx","IN-PLAY","General Election 2020 - 11/03/2020",,"State Senator","34",1,"Federal",0
"AD","ED","County","EDAD Status","Event","Party/Independent Body","Office/Position Title","District Key","VoteFor","Unit Name","Tally","78","037","Bronx","IN-PLAY","General Election 2020 - 11/03/2020",,"State Senator","34",1,"Special Presidential",0
"AD","ED","County","EDAD Status","Event","Party/Independent Body","Office/Position Title","District Key","VoteFor","Unit Name","Tally","78","037","Bronx","IN-PLAY","General Election 2020 - 11/03/2020",,"State Senator","34",1,"Affidavit",0
"AD","ED","County","EDAD Status","Event","Party/Independent Body","Office/Position Title","District Key","VoteFor","Unit Name","Tally","78","037","Bronx","IN-PLAY","General Election 2020 - 11/03/2020",,"State Senator","34",1,"Alessandra Biaggi (Democratic)",51
"AD","ED","County","EDAD Status","Event","Party/Independent Body","Office/Position Title","District Key","VoteFor","Unit Name","Tally","78","037","Bronx","IN-PLAY","General Election 2020 - 11/03/2020",,"State Senator","34",1,"James B. Gisondi (Republican)",8
"AD","ED","County","EDAD Status","Event","Party/Independent Body","Office/Position Title","District Key","VoteFor","Unit Name","Tally","78","037","Bronx","IN-PLAY","General Election 2020 - 11/03/2020",,"State Senator","34",1,"Antonio Vitiello (Conservative)",0
"AD","ED","County","EDAD Status","Event","Party/Independent Body","Office/Position Title","District Key","VoteFor","Unit Name","Tally","78","037","Bronx","IN-PLAY","General Election 2020 - 11/03/2020",,"State Senator","34",1,"Alessandra Biaggi (Working Families)",2
"AD","ED","County","EDAD Status","Event","Party/Independent Body","Office/Position Title","District Key","VoteFor","Unit Name","Tally","78","038","Bronx","IN-PLAY","General Election 2020 - 11/03/2020",,"State Senator","34",1,"Public Counter",538
"AD","ED","County","EDAD Status","Event","Party/Independent Body","Office/Position Title","District Key","VoteFor","Unit Name","Tally","78","038","Bronx","IN-PLAY","General Election 2020 - 11/03/2020",,"State Senator","34",1,"Manually Counted Emergency",0
"AD","ED","County","EDAD Status","Event","Party/Independent Body","Office/Position Title","District Key","VoteFor","Unit Name","Tally","78","038","Bronx","IN-PLAY","General Election 2020 - 11/03/2020",,"State Senator","34",1,"Absentee / Military",77
"AD","ED","County","EDAD Status","Event","Party/Independent Body","Office/Position Title","District Key","VoteFor","Unit Name","Tally","78","038","Bronx","IN-PLAY","General Election 2020 - 11/03/2020",,"State Senator","34",1,"Federal",3
"AD","ED","County","EDAD Status","Event","Party/Independent Body","Office/Position Title","District Key","VoteFor","Unit Name","Tally","78","038","Bronx","IN-PLAY","General Election 2020 - 11/03/2020",,"State Senator","34",1,"Special Presidential",0
"AD","ED","County","EDAD Status","Event","Party/Independent Body","Office/Position Title","District Key","VoteFor","Unit Name","Tally","78","038","Bronx","IN-PLAY","General Election 2020 - 11/03/2020",,"State Senator","34",1,"Affidavit",14
"AD","ED","County","EDAD Status","Event","Party/Independent Body","Office/Position Title","District Key","VoteFor","Unit Name","Tally","78","038","Bronx","IN-PLAY","General Election 2020 - 11/03/2020",,"State Senator","34",1,"Alessandra Biaggi (Democratic)",464
"AD","ED","County","EDAD Status","Event","Party/Independent Body","Office/Position Title","District Key","VoteFor","Unit Name","Tally","78","038","Bronx","IN-PLAY","General Election 2020 - 11/03/2020",,"State Senator","34",1,"James B. Gisondi (Republican)",81
"AD","ED","County","EDAD Status","Event","Party/Independent Body","Office/Position Title","District Key","VoteFor","Unit Name","Tally","78","038","Bronx","IN-PLAY","General Election 2020 - 11/03/2020",,"State Senator","34",1,"Antonio Vitiello (Conservative)",8
"AD","ED","County","EDAD Status","Event","Party/Independent Body","Office/Position Title","District Key","VoteFor","Unit Name","Tally","78","038","Bronx","IN-PLAY","General Election 2020 - 11/03/2020",,"State Senator","34",1,"Alessandra Biaggi (Working Families)",44
"AD","ED","County","EDAD Status","Event","Party/Independent Body","Office/Position Title","District Key","VoteFor","Unit Name","Tally","78","038","Bronx","IN-PLAY","General Election 2020 - 11/03/2020",,"State Senator","34",1,"Scattered",1
"AD","ED","County","EDAD Status","Event","Party/Independent Body","Office/Position Title","District Key","VoteFor","Unit Name","Tally","78","039","Bronx","IN-PLAY","General Election 2020 - 11/03/2020",,"State Senator","34",1,"Public Counter",111
"AD","ED","County","EDAD Status","Event","Party/Independent Body","Office/Position Title","District Key","VoteFor","Unit Name","Tally","78","039","Bronx","IN-PLAY","General Election 2020 - 11/03/2020",,"State Senator","34",1,"Manually Counted Emergency",0
"AD","ED","County","EDAD Status","Event","Party/Independent Body","Office/Position Title","District Key","VoteFor","Unit Name","Tally","78","039","Bronx","IN-PLAY","General Election 2020 - 11/03/2020",,"State Senator","34",1,"Absentee / Military",67
"AD","ED","County","EDAD Status","Event","Party/Independent Body","Office/Position Title","District Key","VoteFor","Unit Name","Tally","78","039","Bronx","IN-PLAY","General Election 2020 - 11/03/2020",,"State Senator","34",1,"Federal",4
"AD","ED","County","EDAD Status","Event","Party/Independent Body","Office/Position Title","District Key","VoteFor","Unit Name","Tally","78","039","Bronx","IN-PLAY","General Election 2020 - 11/03/2020",,"State Senator","34",1,"Special Presidential",0
"AD","ED","County","EDAD Status","Event","Party/Independent Body","Office/Position Title","District Key","VoteFor","Unit Name","Tally","78","039","Bronx","IN-PLAY","General Election 2020 - 11/03/2020",,"State Senator","34",1,"Affidavit",4
"AD","ED","County","EDAD Status","Event","Party/Independent Body","Office/Position Title","District Key","VoteFor","Unit Name","Tally","78","039","Bronx","IN-PLAY","General Election 2020 - 11/03/2020",,"State Senator","34",1,"Alessandra Biaggi (Democratic)",128
"AD","ED","County","EDAD Status","Event","Party/Independent Body","Office/Position Title","District Key","VoteFor","Unit Name","Tally","78","039","Bronx","IN-PLAY","General Election 2020 - 11/03/2020",,"State Senator","34",1,"James B. Gisondi (Republican)",28
"AD","ED","County","EDAD Status","Event","Party/Independent Body","Office/Position Title","District Key","VoteFor","Unit Name","Tally","78","039","Bronx","IN-PLAY","General Election 2020 - 11/03/2020",,"State Senator","34",1,"Antonio Vitiello (Conservative)",1
"AD","ED","County","EDAD Status","Event","Party/Independent Body","Office/Position Title","District Key","VoteFor","Unit Name","Tally","78","039","Bronx","IN-PLAY","General Election 2020 - 11/03/2020",,"State Senator","34",1,"Alessandra Biaggi (Working Families)",14
"AD","ED","County","EDAD Status","Event","Party/Independent Body","Office/Position Title","District Key","VoteFor","Unit Name","Tally","78","040","Bronx","IN-PLAY","General Election 2020 - 11/03/2020",,"State Senator","34",1,"Public Counter",547
"AD","ED","County","EDAD Status","Event","Party/Independent Body","Office/Position Title","District Key","VoteFor","Unit Name","Tally","78","040","Bronx","IN-PLAY","General Election 2020 - 11/03/2020",,"State Senator","34",1,"Manually Counted Emergency",0
"AD","ED","County","EDAD Status","Event","Party/Independent Body","Office/Position Title","District Key","VoteFor","Unit Name","Tally","78","040","Bronx","IN-PLAY","General Election 2020 - 11/03/2020",,"State Senator","34",1,"Absentee / Military",106
"AD","ED","County","EDAD Status","Event","Party/Independent Body","Office/Position Title","District Key","VoteFor","Unit Name","Tally","78","040","Bronx","IN-PLAY","General Election 2020 - 11/03/2020",,"State Senator","34",1,"Federal",6
"AD","ED","County","EDAD Status","Event","Party/Independent Body","Office/Position Title","District Key","VoteFor","Unit Name","Tally","78","040","Bronx","IN-PLAY","General Election 2020 - 11/03/2020",,"State Senator","34",1,"Special Presidential",0
"AD","ED","County","EDAD Status","Event","Party/Independent Body","Office/Position Title","District Key","VoteFor","Unit Name","Tally","78","040","Bronx","IN-PLAY","General Election 2020 - 11/03/2020",,"State Senator","34",1,"Affidavit",17
"AD","ED","County","EDAD Status","Event","Party/Independent Body","Office/Position Title","District Key","VoteFor","Unit Name","Tally","78","040","Bronx","IN-PLAY","General Election 2020 - 11/03/2020",,"State Senator","34",1,"Alessandra Biaggi (Democratic)",490
"AD","ED","County","EDAD Status","Event","Party/Independent Body","Office/Position Title","District Key","VoteFor","Unit Name","Tally","78","040","Bronx","IN-PLAY","General Election 2020 - 11/03/2020",,"State Senator","34",1,"James B. Gisondi (Republican)",96
"AD","ED","County","EDAD Status","Event","Party/Independent Body","Office/Position Title","District Key","VoteFor","Unit Name","Tally","78","040","Bronx","IN-PLAY","General Election 2020 - 11/03/2020",,"State Senator","34",1,"Antonio Vitiello (Conservative)",8
"AD","ED","County","EDAD Status","Event","Party/Independent Body","Office/Position Title","District Key","VoteFor","Unit Name","Tally","78","040","Bronx","IN-PLAY","General Election 2020 - 11/03/2020",,"State Senator","34",1,"Alessandra Biaggi (Working Families)",48
"AD","ED","County","EDAD Status","Event","Party/Independent Body","Office/Position Title","District Key","VoteFor","Unit Name","Tally","78","041","Bronx","IN-PLAY","General Election 2020 - 11/03/2020",,"State Senator","34",1,"Public Counter",565
"AD","ED","County","EDAD Status","Event","Party/Independent Body","Office/Position Title","District Key","VoteFor","Unit Name","Tally","78","041","Bronx","IN-PLAY","General Election 2020 - 11/03/2020",,"State Senator","34",1,"Manually Counted Emergency",0
"AD","ED","County","EDAD Status","Event","Party/Independent Body","Office/Position Title","District Key","VoteFor","Unit Name","Tally","78","041","Bronx","IN-PLAY","General Election 2020 - 11/03/2020",,"State Senator","34",1,"Absentee / Military",115
"AD","ED","County","EDAD Status","Event","Party/Independent Body","Office/Position Title","District Key","VoteFor","Unit Name","Tally","78","041","Bronx","IN-PLAY","General Election 2020 - 11/03/2020",,"State Senator","34",1,"Federal",0
"AD","ED","County","EDAD Status","Event","Party/Independent Body","Office/Position Title","District Key","VoteFor","Unit Name","Tally","78","041","Bronx","IN-PLAY","General Election 2020 - 11/03/2020",,"State Senator","34",1,"Special Presidential",0
"AD","ED","County","EDAD Status","Event","Party/Independent Body","Office/Position Title","District Key","VoteFor","Unit Name","Tally","78","041","Bronx","IN-PLAY","General Election 2020 - 11/03/2020",,"State Senator","34",1,"Affidavit",15
"AD","ED","County","EDAD Status","Event","Party/Independent Body","Office/Position Title","District Key","VoteFor","Unit Name","Tally","78","041","Bronx","IN-PLAY","General Election 2020 - 11/03/2020",,"State Senator","34",1,"Alessandra Biaggi (Democratic)",497
"AD","ED","County","EDAD Status","Event","Party/Independent Body","Office/Position Title","District Key","VoteFor","Unit Name","Tally","78","041","Bronx","IN-PLAY","General Election 2020 - 11/03/2020",,"State Senator","34",1,"James B. Gisondi (Republican)",102
"AD","ED","County","EDAD Status","Event","Party/Independent Body","Office/Position Title","District Key","VoteFor","Unit Name","Tally","78","041","Bronx","IN-PLAY","General Election 2020 - 11/03/2020",,"State Senator","34",1,"Antonio Vitiello (Conservative)",11
"AD","ED","County","EDAD Status","Event","Party/Independent Body","Office/Position Title","District Key","VoteFor","Unit Name","Tally","78","041","Bronx","IN-PLAY","General Election 2020 - 11/03/2020",,"State Senator","34",1,"Alessandra Biaggi (Working Families)",46
"AD","ED","County","EDAD Status","Event","Party/Independent Body","Office/Position Title","District Key","VoteFor","Unit Name","Tally","78","056","Bronx","COMBINED INTO 037/78","General Election 2020 - 11/03/2020",,"State Senator","34",1,"Public Counter",0
"AD","ED","County","EDAD Status","Event","Party/Independent Body","Office/Position Title","District Key","VoteFor","Unit Name","Tally","78","056","Bronx","COMBINED INTO 037/78","General Election 2020 - 11/03/2020",,"State Senator","34",1,"Manually Counted Emergency",0
"AD","ED","County","EDAD Status","Event","Party/Independent Body","Office/Position Title","District Key","VoteFor","Unit Name","Tally","78","056","Bronx","COMBINED INTO 037/78","General Election 2020 - 11/03/2020",,"State Senator","34",1,"Absentee / Military",0
"AD","ED","County","EDAD Status","Event","Party/Independent Body","Office/Position Title","District Key","VoteFor","Unit Name","Tally","78","056","Bronx","COMBINED INTO 037/78","General Election 2020 - 11/03/2020",,"State Senator","34",1,"Federal",0
"AD","ED","County","EDAD Status","Event","Party/Independent Body","Office/Position Title","District Key","VoteFor","Unit Name","Tally","78","056","Bronx","COMBINED INTO 037/78","General Election 2020 - 11/03/2020",,"State Senator","34",1,"Special Presidential",0
"AD","ED","County","EDAD Status","Event","Party/Independent Body","Office/Position Title","District Key","VoteFor","Unit Name","Tally","78","056","Bronx","COMBINED INTO 037/78","General Election 2020 - 11/03/2020",,"State Senator","34",1,"Affidavit",0
"AD","ED","County","EDAD Status","Event","Party/Independent Body","Office/Position Title","District Key","VoteFor","Unit Name","Tally","78","058","Bronx","COMBINED INTO 037/78","General Election 2020 - 11/03/2020",,"State Senator","34",1,"Public Counter",0
"AD","ED","County","EDAD Status","Event","Party/Independent Body","Office/Position Title","District Key","VoteFor","Unit Name","Tally","78","058","Bronx","COMBINED INTO 037/78","General Election 2020 - 11/03/2020",,"State Senator","34",1,"Manually Counted Emergency",0
"AD","ED","County","EDAD Status","Event","Party/Independent Body","Office/Position Title","District Key","VoteFor","Unit Name","Tally","78","058","Bronx","COMBINED INTO 037/78","General Election 2020 - 11/03/2020",,"State Senator","34",1,"Absentee / Military",0
"AD","ED","County","EDAD Status","Event","Party/Independent Body","Office/Position Title","District Key","VoteFor","Unit Name","Tally","78","058","Bronx","COMBINED INTO 037/78","General Election 2020 - 11/03/2020",,"State Senator","34",1,"Federal",0
"AD","ED","County","EDAD Status","Event","Party/Independent Body","Office/Position Title","District Key","VoteFor","Unit Name","Tally","78","058","Bronx","COMBINED INTO 037/78","General Election 2020 - 11/03/2020",,"State Senator","34",1,"Special Presidential",0
"AD","ED","County","EDAD Status","Event","Party/Independent Body","Office/Position Title","District Key","VoteFor","Unit Name","Tally","78","058","Bronx","COMBINED INTO 037/78","General Election 2020 - 11/03/2020",,"State Senator","34",1,"Affidavit",0
"AD","ED","County","EDAD Status","Event","Party/Independent Body","Office/Position Title","District Key","VoteFor","Unit Name","Tally","78","073","Bronx","IN-PLAY","General Election 2020 - 11/03/2020",,"State Senator","34",1,"Public Counter",302
"AD","ED","County","EDAD Status","Event","Party/Independent Body","Office/Position Title","District Key","VoteFor","Unit Name","Tally","78","073","Bronx","IN-PLAY","General Election 2020 - 11/03/2020",,"State Senator","34",1,"Manually Counted Emergency",0
"AD","ED","County","EDAD Status","Event","Party/Independent Body","Office/Position Title","District Key","VoteFor","Unit Name","Tally","78","073","Bronx","IN-PLAY","General Election 2020 - 11/03/2020",,"State Senator","34",1,"Absentee / Military",45
"AD","ED","County","EDAD Status","Event","Party/Independent Body","Office/Position Title","District Key","VoteFor","Unit Name","Tally","78","073","Bronx","IN-PLAY","General Election 2020 - 11/03/2020",,"State Senator","34",1,"Federal",0
"AD","ED","County","EDAD Status","Event","Party/Independent Body","Office/Position Title","District Key","VoteFor","Unit Name","Tally","78","073","Bronx","IN-PLAY","General Election 2020 - 11/03/2020",,"State Senator","34",1,"Special Presidential",0
"AD","ED","County","EDAD Status","Event","Party/Independent Body","Office/Position Title","District Key","VoteFor","Unit Name","Tally","78","073","Bronx","IN-PLAY","General Election 2020 - 11/03/2020",,"State Senator","34",1,"Affidavit",2
"AD","ED","County","EDAD Status","Event","Party/Independent Body","Office/Position Title","District Key","VoteFor","Unit Name","Tally","78","073","Bronx","IN-PLAY","General Election 2020 - 11/03/2020",,"State Senator","34",1,"Alessandra Biaggi (Democratic)",246
"AD","ED","County","EDAD Status","Event","Party/Independent Body","Office/Position Title","District Key","VoteFor","Unit Name","Tally","78","073","Bronx","IN-PLAY","General Election 2020 - 11/03/2020",,"State Senator","34",1,"James B. Gisondi (Republican)",52
"AD","ED","County","EDAD Status","Event","Party/Independent Body","Office/Position Title","District Key","VoteFor","Unit Name","Tally","78","073","Bronx","IN-PLAY","General Election 2020 - 11/03/2020",,"State Senator","34",1,"Antonio Vitiello (Conservative)",4
"AD","ED","County","EDAD Status","Event","Party/Independent Body","Office/Position Title","District Key","VoteFor","Unit Name","Tally","78","073","Bronx","IN-PLAY","General Election 2020 - 11/03/2020",,"State Senator","34",1,"Alessandra Biaggi (Working Families)",22
"AD","ED","County","EDAD Status","Event","Party/Independent Body","Office/Position Title","District Key","VoteFor","Unit Name","Tally","78","073","Bronx","IN-PLAY","General Election 2020 - 11/03/2020",,"State Senator","34",1,"Scattered",1
"AD","ED","County","EDAD Status","Event","Party/Independent Body","Office/Position Title","District Key","VoteFor","Unit Name","Tally","80","001","Bronx","IN-PLAY","General Election 2020 - 11/03/2020",,"State Senator","34",1,"Public Counter",277
"AD","ED","County","EDAD Status","Event","Party/Independent Body","Office/Position Title","District Key","VoteFor","Unit Name","Tally","80","001","Bronx","IN-PLAY","General Election 2020 - 11/03/2020",,"State Senator","34",1,"Manually Counted Emergency",0
"AD","ED","County","EDAD Status","Event","Party/Independent Body","Office/Position Title","District Key","VoteFor","Unit Name","Tally","80","001","Bronx","IN-PLAY","General Election 2020 - 11/03/2020",,"State Senator","34",1,"Absentee / Military",65
"AD","ED","County","EDAD Status","Event","Party/Independent Body","Office/Position Title","District Key","VoteFor","Unit Name","Tally","80","001","Bronx","IN-PLAY","General Election 2020 - 11/03/2020",,"State Senator","34",1,"Federal",2
"AD","ED","County","EDAD Status","Event","Party/Independent Body","Office/Position Title","District Key","VoteFor","Unit Name","Tally","80","001","Bronx","IN-PLAY","General Election 2020 - 11/03/2020",,"State Senator","34",1,"Special Presidential",0
"AD","ED","County","EDAD Status","Event","Party/Independent Body","Office/Position Title","District Key","VoteFor","Unit Name","Tally","80","001","Bronx","IN-PLAY","General Election 2020 - 11/03/2020",,"State Senator","34",1,"Affidavit",3
"AD","ED","County","EDAD Status","Event","Party/Independent Body","Office/Position Title","District Key","VoteFor","Unit Name","Tally","80","001","Bronx","IN-PLAY","General Election 2020 - 11/03/2020",,"State Senator","34",1,"Alessandra Biaggi (Democratic)",229
"AD","ED","County","EDAD Status","Event","Party/Independent Body","Office/Position Title","District Key","VoteFor","Unit Name","Tally","80","001","Bronx","IN-PLAY","General Election 2020 - 11/03/2020",,"State Senator","34",1,"James B. Gisondi (Republican)",65
"AD","ED","County","EDAD Status","Event","Party/Independent Body","Office/Position Title","District Key","VoteFor","Unit Name","Tally","80","001","Bronx","IN-PLAY","General Election 2020 - 11/03/2020",,"State Senator","34",1,"Antonio Vitiello (Conservative)",12
"AD","ED","County","EDAD Status","Event","Party/Independent Body","Office/Position Title","District Key","VoteFor","Unit Name","Tally","80","001","Bronx","IN-PLAY","General Election 2020 - 11/03/2020",,"State Senator","34",1,"Alessandra Biaggi (Working Families)",17
"AD","ED","County","EDAD Status","Event","Party/Independent Body","Office/Position Title","District Key","VoteFor","Unit Name","Tally","80","002","Bronx","IN-PLAY","General Election 2020 - 11/03/2020",,"State Senator","34",1,"Public Counter",161
"AD","ED","County","EDAD Status","Event","Party/Independent Body","Office/Position Title","District Key","VoteFor","Unit Name","Tally","80","002","Bronx","IN-PLAY","General Election 2020 - 11/03/2020",,"State Senator","34",1,"Manually Counted Emergency",0
"AD","ED","County","EDAD Status","Event","Party/Independent Body","Office/Position Title","District Key","VoteFor","Unit Name","Tally","80","002","Bronx","IN-PLAY","General Election 2020 - 11/03/2020",,"State Senator","34",1,"Absentee / Military",159
"AD","ED","County","EDAD Status","Event","Party/Independent Body","Office/Position Title","District Key","VoteFor","Unit Name","Tally","80","002","Bronx","IN-PLAY","General Election 2020 - 11/03/2020",,"State Senator","34",1,"Federal",5
"AD","ED","County","EDAD Status","Event","Party/Independent Body","Office/Position Title","District Key","VoteFor","Unit Name","Tally","80","002","Bronx","IN-PLAY","General Election 2020 - 11/03/2020",,"State Senator","34",1,"Special Presidential",0
"AD","ED","County","EDAD Status","Event","Party/Independent Body","Office/Position Title","District Key","VoteFor","Unit Name","Tally","80","002","Bronx","IN-PLAY","General Election 2020 - 11/03/2020",,"State Senator","34",1,"Affidavit",1
"AD","ED","County","EDAD Status","Event","Party/Independent Body","Office/Position Title","District Key","VoteFor","Unit Name","Tally","80","002","Bronx","IN-PLAY","General Election 2020 - 11/03/2020",,"State Senator","34",1,"Alessandra Biaggi (Democratic)",227
"AD","ED","County","EDAD Status","Event","Party/Independent Body","Office/Position Title","District Key","VoteFor","Unit Name","Tally","80","002","Bronx","IN-PLAY","General Election 2020 - 11/03/2020",,"State Senator","34",1,"James B. Gisondi (Republican)",46
"AD","ED","County","EDAD Status","Event","Party/Independent Body","Office/Position Title","District Key","VoteFor","Unit Name","Tally","80","002","Bronx","IN-PLAY","General Election 2020 - 11/03/2020",,"State Senator","34",1,"Antonio Vitiello (Conservative)",5
"AD","ED","County","EDAD Status","Event","Party/Independent Body","Office/Position Title","District Key","VoteFor","Unit Name","Tally","80","002","Bronx","IN-PLAY","General Election 2020 - 11/03/2020",,"State Senator","34",1,"Alessandra Biaggi (Working Families)",34
"AD","ED","County","EDAD Status","Event","Party/Independent Body","Office/Position Title","District Key","VoteFor","Unit Name","Tally","80","003","Bronx","IN-PLAY","General Election 2020 - 11/03/2020",,"State Senator","34",1,"Public Counter",516
"AD","ED","County","EDAD Status","Event","Party/Independent Body","Office/Position Title","District Key","VoteFor","Unit Name","Tally","80","003","Bronx","IN-PLAY","General Election 2020 - 11/03/2020",,"State Senator","34",1,"Manually Counted Emergency",0
"AD","ED","County","EDAD Status","Event","Party/Independent Body","Office/Position Title","District Key","VoteFor","Unit Name","Tally","80","003","Bronx","IN-PLAY","General Election 2020 - 11/03/2020",,"State Senator","34",1,"Absentee / Military",105
"AD","ED","County","EDAD Status","Event","Party/Independent Body","Office/Position Title","District Key","VoteFor","Unit Name","Tally","80","003","Bronx","IN-PLAY","General Election 2020 - 11/03/2020",,"State Senator","34",1,"Federal",1
"AD","ED","County","EDAD Status","Event","Party/Independent Body","Office/Position Title","District Key","VoteFor","Unit Name","Tally","80","003","Bronx","IN-PLAY","General Election 2020 - 11/03/2020",,"State Senator","34",1,"Special Presidential",0
"AD","ED","County","EDAD Status","Event","Party/Independent Body","Office/Position Title","District Key","VoteFor","Unit Name","Tally","80","003","Bronx","IN-PLAY","General Election 2020 - 11/03/2020",,"State Senator","34",1,"Affidavit",3
"AD","ED","County","EDAD Status","Event","Party/Independent Body","Office/Position Title","District Key","VoteFor","Unit Name","Tally","80","003","Bronx","IN-PLAY","General Election 2020 - 11/03/2020",,"State Senator","34",1,"Alessandra Biaggi (Democratic)",224
"AD","ED","County","EDAD Status","Event","Party/Independent Body","Office/Position Title","District Key","VoteFor","Unit Name","Tally","80","003","Bronx","IN-PLAY","General Election 2020 - 11/03/2020",,"State Senator","34",1,"James B. Gisondi (Republican)",324
"AD","ED","County","EDAD Status","Event","Party/Independent Body","Office/Position Title","District Key","VoteFor","Unit Name","Tally","80","003","Bronx","IN-PLAY","General Election 2020 - 11/03/2020",,"State Senator","34",1,"Antonio Vitiello (Conservative)",31
"AD","ED","County","EDAD Status","Event","Party/Independent Body","Office/Position Title","District Key","VoteFor","Unit Name","Tally","80","003","Bronx","IN-PLAY","General Election 2020 - 11/03/2020",,"State Senator","34",1,"Alessandra Biaggi (Working Families)",27
"AD","ED","County","EDAD Status","Event","Party/Independent Body","Office/Position Title","District Key","VoteFor","Unit Name","Tally","80","003","Bronx","IN-PLAY","General Election 2020 - 11/03/2020",,"State Senator","34",1,"Scattered",1
"AD","ED","County","EDAD Status","Event","Party/Independent Body","Office/Position Title","District Key","VoteFor","Unit Name","Tally","80","004","Bronx","IN-PLAY","General Election 2020 - 11/03/2020",,"State Senator","34",1,"Public Counter",211
"AD","ED","County","EDAD Status","Event","Party/Independent Body","Office/Position Title","District Key","VoteFor","Unit Name","Tally","80","004","Bronx","IN-PLAY","General Election 2020 - 11/03/2020",,"State Senator","34",1,"Manually Counted Emergency",0
"AD","ED","County","EDAD Status","Event","Party/Independent Body","Office/Position Title","District Key","VoteFor","Unit Name","Tally","80","004","Bronx","IN-PLAY","General Election 2020 - 11/03/2020",,"State Senator","34",1,"Absentee / Military",55
"AD","ED","County","EDAD Status","Event","Party/Independent Body","Office/Position Title","District Key","VoteFor","Unit Name","Tally","80","004","Bronx","IN-PLAY","General Election 2020 - 11/03/2020",,"State Senator","34",1,"Federal",0
"AD","ED","County","EDAD Status","Event","Party/Independent Body","Office/Position Title","District Key","VoteFor","Unit Name","Tally","80","004","Bronx","IN-PLAY","General Election 2020 - 11/03/2020",,"State Senator","34",1,"Special Presidential",0
"AD","ED","County","EDAD Status","Event","Party/Independent Body","Office/Position Title","District Key","VoteFor","Unit Name","Tally","80","004","Bronx","IN-PLAY","General Election 2020 - 11/03/2020",,"State Senator","34",1,"Affidavit",4
"AD","ED","County","EDAD Status","Event","Party/Independent Body","Office/Position Title","District Key","VoteFor","Unit Name","Tally","80","004","Bronx","IN-PLAY","General Election 2020 - 11/03/2020",,"State Senator","34",1,"Alessandra Biaggi (Democratic)",139
"AD","ED","County","EDAD Status","Event","Party/Independent Body","Office/Position Title","District Key","VoteFor","Unit Name","Tally","80","004","Bronx","IN-PLAY","General Election 2020 - 11/03/2020",,"State Senator","34",1,"James B. Gisondi (Republican)",97
"AD","ED","County","EDAD Status","Event","Party/Independent Body","Office/Position Title","District Key","VoteFor","Unit Name","Tally","80","004","Bronx","IN-PLAY","General Election 2020 - 11/03/2020",,"State Senator","34",1,"Antonio Vitiello (Conservative)",13
"AD","ED","County","EDAD Status","Event","Party/Independent Body","Office/Position Title","District Key","VoteFor","Unit Name","Tally","80","004","Bronx","IN-PLAY","General Election 2020 - 11/03/2020",,"State Senator","34",1,"Alessandra Biaggi (Working Families)",11
"AD","ED","County","EDAD Status","Event","Party/Independent Body","Office/Position Title","District Key","VoteFor","Unit Name","Tally","80","005","Bronx","IN-PLAY","General Election 2020 - 11/03/2020",,"State Senator","34",1,"Public Counter",146
"AD","ED","County","EDAD Status","Event","Party/Independent Body","Office/Position Title","District Key","VoteFor","Unit Name","Tally","80","005","Bronx","IN-PLAY","General Election 2020 - 11/03/2020",,"State Senator","34",1,"Manually Counted Emergency",0
"AD","ED","County","EDAD Status","Event","Party/Independent Body","Office/Position Title","District Key","VoteFor","Unit Name","Tally","80","005","Bronx","IN-PLAY","General Election 2020 - 11/03/2020",,"State Senator","34",1,"Absentee / Military",40
"AD","ED","County","EDAD Status","Event","Party/Independent Body","Office/Position Title","District Key","VoteFor","Unit Name","Tally","80","005","Bronx","IN-PLAY","General Election 2020 - 11/03/2020",,"State Senator","34",1,"Federal",0
"AD","ED","County","EDAD Status","Event","Party/Independent Body","Office/Position Title","District Key","VoteFor","Unit Name","Tally","80","005","Bronx","IN-PLAY","General Election 2020 - 11/03/2020",,"State Senator","34",1,"Special Presidential",0
"AD","ED","County","EDAD Status","Event","Party/Independent Body","Office/Position Title","District Key","VoteFor","Unit Name","Tally","80","005","Bronx","IN-PLAY","General Election 2020 - 11/03/2020",,"State Senator","34",1,"Affidavit",2
"AD","ED","County","EDAD Status","Event","Party/Independent Body","Office/Position Title","District Key","VoteFor","Unit Name","Tally","80","005","Bronx","IN-PLAY","General Election 2020 - 11/03/2020",,"State Senator","34",1,"Alessandra Biaggi (Democratic)",93
"AD","ED","County","EDAD Status","Event","Party/Independent Body","Office/Position Title","District Key","VoteFor","Unit Name","Tally","80","005","Bronx","IN-PLAY","General Election 2020 - 11/03/2020",,"State Senator","34",1,"James B. Gisondi (Republican)",67
"AD","ED","County","EDAD Status","Event","Party/Independent Body","Office/Position Title","District Key","VoteFor","Unit Name","Tally","80","005","Bronx","IN-PLAY","General Election 2020 - 11/03/2020",,"State Senator","34",1,"Antonio Vitiello (Conservative)",10
"AD","ED","County","EDAD Status","Event","Party/Independent Body","Office/Position Title","District Key","VoteFor","Unit Name","Tally","80","005","Bronx","IN-PLAY","General Election 2020 - 11/03/2020",,"State Senator","34",1,"Alessandra Biaggi (Working Families)",8
"AD","ED","County","EDAD Status","Event","Party/Independent Body","Office/Position Title","District Key","VoteFor","Unit Name","Tally","80","006","Bronx","IN-PLAY","General Election 2020 - 11/03/2020",,"State Senator","34",1,"Public Counter",177
"AD","ED","County","EDAD Status","Event","Party/Independent Body","Office/Position Title","District Key","VoteFor","Unit Name","Tally","80","006","Bronx","IN-PLAY","General Election 2020 - 11/03/2020",,"State Senator","34",1,"Manually Counted Emergency",0
"AD","ED","County","EDAD Status","Event","Party/Independent Body","Office/Position Title","District Key","VoteFor","Unit Name","Tally","80","006","Bronx","IN-PLAY","General Election 2020 - 11/03/2020",,"State Senator","34",1,"Absentee / Military",84
"AD","ED","County","EDAD Status","Event","Party/Independent Body","Office/Position Title","District Key","VoteFor","Unit Name","Tally","80","006","Bronx","IN-PLAY","General Election 2020 - 11/03/2020",,"State Senator","34",1,"Federal",2
"AD","ED","County","EDAD Status","Event","Party/Independent Body","Office/Position Title","District Key","VoteFor","Unit Name","Tally","80","006","Bronx","IN-PLAY","General Election 2020 - 11/03/2020",,"State Senator","34",1,"Special Presidential",0
"AD","ED","County","EDAD Status","Event","Party/Independent Body","Office/Position Title","District Key","VoteFor","Unit Name","Tally","80","006","Bronx","IN-PLAY","General Election 2020 - 11/03/2020",,"State Senator","34",1,"Affidavit",10
"AD","ED","County","EDAD Status","Event","Party/Independent Body","Office/Position Title","District Key","VoteFor","Unit Name","Tally","80","006","Bronx","IN-PLAY","General Election 2020 - 11/03/2020",,"State Senator","34",1,"Alessandra Biaggi (Democratic)",144
"AD","ED","County","EDAD Status","Event","Party/Independent Body","Office/Position Title","District Key","VoteFor","Unit Name","Tally","80","006","Bronx","IN-PLAY","General Election 2020 - 11/03/2020",,"State Senator","34",1,"James B. Gisondi (Republican)",85
"AD","ED","County","EDAD Status","Event","Party/Independent Body","Office/Position Title","District Key","VoteFor","Unit Name","Tally","80","006","Bronx","IN-PLAY","General Election 2020 - 11/03/2020",,"State Senator","34",1,"Antonio Vitiello (Conservative)",23
"AD","ED","County","EDAD Status","Event","Party/Independent Body","Office/Position Title","District Key","VoteFor","Unit Name","Tally","80","006","Bronx","IN-PLAY","General Election 2020 - 11/03/2020",,"State Senator","34",1,"Alessandra Biaggi (Working Families)",15
"AD","ED","County","EDAD Status","Event","Party/Independent Body","Office/Position Title","District Key","VoteFor","Unit Name","Tally","80","006","Bronx","IN-PLAY","General Election 2020 - 11/03/2020",,"State Senator","34",1,"Scattered",1
"AD","ED","County","EDAD Status","Event","Party/Independent Body","Office/Position Title","District Key","VoteFor","Unit Name","Tally","80","007","Bronx","IN-PLAY","General Election 2020 - 11/03/2020",,"State Senator","34",1,"Public Counter",221
"AD","ED","County","EDAD Status","Event","Party/Independent Body","Office/Position Title","District Key","VoteFor","Unit Name","Tally","80","007","Bronx","IN-PLAY","General Election 2020 - 11/03/2020",,"State Senator","34",1,"Manually Counted Emergency",0
"AD","ED","County","EDAD Status","Event","Party/Independent Body","Office/Position Title","District Key","VoteFor","Unit Name","Tally","80","007","Bronx","IN-PLAY","General Election 2020 - 11/03/2020",,"State Senator","34",1,"Absentee / Military",56
"AD","ED","County","EDAD Status","Event","Party/Independent Body","Office/Position Title","District Key","VoteFor","Unit Name","Tally","80","007","Bronx","IN-PLAY","General Election 2020 - 11/03/2020",,"State Senator","34",1,"Federal",0
"AD","ED","County","EDAD Status","Event","Party/Independent Body","Office/Position Title","District Key","VoteFor","Unit Name","Tally","80","007","Bronx","IN-PLAY","General Election 2020 - 11/03/2020",,"State Senator","34",1,"Special Presidential",0
"AD","ED","County","EDAD Status","Event","Party/Independent Body","Office/Position Title","District Key","VoteFor","Unit Name","Tally","80","007","Bronx","IN-PLAY","General Election 2020 - 11/03/2020",,"State Senator","34",1,"Affidavit",12
"AD","ED","County","EDAD Status","Event","Party/Independent Body","Office/Position Title","District Key","VoteFor","Unit Name","Tally","80","007","Bronx","IN-PLAY","General Election 2020 - 11/03/2020",,"State Senator","34",1,"Alessandra Biaggi (Democratic)",154
"AD","ED","County","EDAD Status","Event","Party/Independent Body","Office/Position Title","District Key","VoteFor","Unit Name","Tally","80","007","Bronx","IN-PLAY","General Election 2020 - 11/03/2020",,"State Senator","34",1,"James B. Gisondi (Republican)",89
"AD","ED","County","EDAD Status","Event","Party/Independent Body","Office/Position Title","District Key","VoteFor","Unit Name","Tally","80","007","Bronx","IN-PLAY","General Election 2020 - 11/03/2020",,"State Senator","34",1,"Antonio Vitiello (Conservative)",11
"AD","ED","County","EDAD Status","Event","Party/Independent Body","Office/Position Title","District Key","VoteFor","Unit Name","Tally","80","007","Bronx","IN-PLAY","General Election 2020 - 11/03/2020",,"State Senator","34",1,"Alessandra Biaggi (Working Families)",16
"AD","ED","County","EDAD Status","Event","Party/Independent Body","Office/Position Title","District Key","VoteFor","Unit Name","Tally","80","007","Bronx","IN-PLAY","General Election 2020 - 11/03/2020",,"State Senator","34",1,"Scattered",2
"AD","ED","County","EDAD Status","Event","Party/Independent Body","Office/Position Title","District Key","VoteFor","Unit Name","Tally","80","008","Bronx","IN-PLAY","General Election 2020 - 11/03/2020",,"State Senator","34",1,"Public Counter",177
"AD","ED","County","EDAD Status","Event","Party/Independent Body","Office/Position Title","District Key","VoteFor","Unit Name","Tally","80","008","Bronx","IN-PLAY","General Election 2020 - 11/03/2020",,"State Senator","34",1,"Manually Counted Emergency",0
"AD","ED","County","EDAD Status","Event","Party/Independent Body","Office/Position Title","District Key","VoteFor","Unit Name","Tally","80","008","Bronx","IN-PLAY","General Election 2020 - 11/03/2020",,"State Senator","34",1,"Absentee / Military",54
"AD","ED","County","EDAD Status","Event","Party/Independent Body","Office/Position Title","District Key","VoteFor","Unit Name","Tally","80","008","Bronx","IN-PLAY","General Election 2020 - 11/03/2020",,"State Senator","34",1,"Federal",1
"AD","ED","County","EDAD Status","Event","Party/Independent Body","Office/Position Title","District Key","VoteFor","Unit Name","Tally","80","008","Bronx","IN-PLAY","General Election 2020 - 11/03/2020",,"State Senator","34",1,"Special Presidential",0
"AD","ED","County","EDAD Status","Event","Party/Independent Body","Office/Position Title","District Key","VoteFor","Unit Name","Tally","80","008","Bronx","IN-PLAY","General Election 2020 - 11/03/2020",,"State Senator","34",1,"Affidavit",8
"AD","ED","County","EDAD Status","Event","Party/Independent Body","Office/Position Title","District Key","VoteFor","Unit Name","Tally","80","008","Bronx","IN-PLAY","General Election 2020 - 11/03/2020",,"State Senator","34",1,"Alessandra Biaggi (Democratic)",146
"AD","ED","County","EDAD Status","Event","Party/Independent Body","Office/Position Title","District Key","VoteFor","Unit Name","Tally","80","008","Bronx","IN-PLAY","General Election 2020 - 11/03/2020",,"State Senator","34",1,"James B. Gisondi (Republican)",66
"AD","ED","County","EDAD Status","Event","Party/Independent Body","Office/Position Title","District Key","VoteFor","Unit Name","Tally","80","008","Bronx","IN-PLAY","General Election 2020 - 11/03/2020",,"State Senator","34",1,"Antonio Vitiello (Conservative)",7
"AD","ED","County","EDAD Status","Event","Party/Independent Body","Office/Position Title","District Key","VoteFor","Unit Name","Tally","80","008","Bronx","IN-PLAY","General Election 2020 - 11/03/2020",,"State Senator","34",1,"Alessandra Biaggi (Working Families)",10
"AD","ED","County","EDAD Status","Event","Party/Independent Body","Office/Position Title","District Key","VoteFor","Unit Name","Tally","80","016","Bronx","IN-PLAY","General Election 2020 - 11/03/2020",,"State Senator","34",1,"Public Counter",385
"AD","ED","County","EDAD Status","Event","Party/Independent Body","Office/Position Title","District Key","VoteFor","Unit Name","Tally","80","016","Bronx","IN-PLAY","General Election 2020 - 11/03/2020",,"State Senator","34",1,"Manually Counted Emergency",0
"AD","ED","County","EDAD Status","Event","Party/Independent Body","Office/Position Title","District Key","VoteFor","Unit Name","Tally","80","016","Bronx","IN-PLAY","General Election 2020 - 11/03/2020",,"State Senator","34",1,"Absentee / Military",95
"AD","ED","County","EDAD Status","Event","Party/Independent Body","Office/Position Title","District Key","VoteFor","Unit Name","Tally","80","016","Bronx","IN-PLAY","General Election 2020 - 11/03/2020",,"State Senator","34",1,"Federal",0
"AD","ED","County","EDAD Status","Event","Party/Independent Body","Office/Position Title","District Key","VoteFor","Unit Name","Tally","80","016","Bronx","IN-PLAY","General Election 2020 - 11/03/2020",,"State Senator","34",1,"Special Presidential",0
"AD","ED","County","EDAD Status","Event","Party/Independent Body","Office/Position Title","District Key","VoteFor","Unit Name","Tally","80","016","Bronx","IN-PLAY","General Election 2020 - 11/03/2020",,"State Senator","34",1,"Affidavit",5
"AD","ED","County","EDAD Status","Event","Party/Independent Body","Office/Position Title","District Key","VoteFor","Unit Name","Tally","80","016","Bronx","IN-PLAY","General Election 2020 - 11/03/2020",,"State Senator","34",1,"Alessandra Biaggi (Democratic)",369
"AD","ED","County","EDAD Status","Event","Party/Independent Body","Office/Position Title","District Key","VoteFor","Unit Name","Tally","80","016","Bronx","IN-PLAY","General Election 2020 - 11/03/2020",,"State Senator","34",1,"James B. Gisondi (Republican)",69
"AD","ED","County","EDAD Status","Event","Party/Independent Body","Office/Position Title","District Key","VoteFor","Unit Name","Tally","80","016","Bronx","IN-PLAY","General Election 2020 - 11/03/2020",,"State Senator","34",1,"Antonio Vitiello (Conservative)",10
"AD","ED","County","EDAD Status","Event","Party/Independent Body","Office/Position Title","District Key","VoteFor","Unit Name","Tally","80","016","Bronx","IN-PLAY","General Election 2020 - 11/03/2020",,"State Senator","34",1,"Alessandra Biaggi (Working Families)",25
"AD","ED","County","EDAD Status","Event","Party/Independent Body","Office/Position Title","District Key","VoteFor","Unit Name","Tally","80","017","Bronx","IN-PLAY","General Election 2020 - 11/03/2020",,"State Senator","34",1,"Public Counter",390
"AD","ED","County","EDAD Status","Event","Party/Independent Body","Office/Position Title","District Key","VoteFor","Unit Name","Tally","80","017","Bronx","IN-PLAY","General Election 2020 - 11/03/2020",,"State Senator","34",1,"Manually Counted Emergency",0
"AD","ED","County","EDAD Status","Event","Party/Independent Body","Office/Position Title","District Key","VoteFor","Unit Name","Tally","80","017","Bronx","IN-PLAY","General Election 2020 - 11/03/2020",,"State Senator","34",1,"Absentee / Military",115
"AD","ED","County","EDAD Status","Event","Party/Independent Body","Office/Position Title","District Key","VoteFor","Unit Name","Tally","80","017","Bronx","IN-PLAY","General Election 2020 - 11/03/2020",,"State Senator","34",1,"Federal",0
"AD","ED","County","EDAD Status","Event","Party/Independent Body","Office/Position Title","District Key","VoteFor","Unit Name","Tally","80","017","Bronx","IN-PLAY","General Election 2020 - 11/03/2020",,"State Senator","34",1,"Special Presidential",0
"AD","ED","County","EDAD Status","Event","Party/Independent Body","Office/Position Title","District Key","VoteFor","Unit Name","Tally","80","017","Bronx","IN-PLAY","General Election 2020 - 11/03/2020",,"State Senator","34",1,"Affidavit",8
"AD","ED","County","EDAD Status","Event","Party/Independent Body","Office/Position Title","District Key","VoteFor","Unit Name","Tally","80","017","Bronx","IN-PLAY","General Election 2020 - 11/03/2020",,"State Senator","34",1,"Alessandra Biaggi (Democratic)",396
"AD","ED","County","EDAD Status","Event","Party/Independent Body","Office/Position Title","District Key","VoteFor","Unit Name","Tally","80","017","Bronx","IN-PLAY","General Election 2020 - 11/03/2020",,"State Senator","34",1,"James B. Gisondi (Republican)",46
"AD","ED","County","EDAD Status","Event","Party/Independent Body","Office/Position Title","District Key","VoteFor","Unit Name","Tally","80","017","Bronx","IN-PLAY","General Election 2020 - 11/03/2020",,"State Senator","34",1,"Antonio Vitiello (Conservative)",4
"AD","ED","County","EDAD Status","Event","Party/Independent Body","Office/Position Title","District Key","VoteFor","Unit Name","Tally","80","017","Bronx","IN-PLAY","General Election 2020 - 11/03/2020",,"State Senator","34",1,"Alessandra Biaggi (Working Families)",44
"AD","ED","County","EDAD Status","Event","Party/Independent Body","Office/Position Title","District Key","VoteFor","Unit Name","Tally","80","018","Bronx","IN-PLAY","General Election 2020 - 11/03/2020",,"State Senator","34",1,"Public Counter",223
"AD","ED","County","EDAD Status","Event","Party/Independent Body","Office/Position Title","District Key","VoteFor","Unit Name","Tally","80","018","Bronx","IN-PLAY","General Election 2020 - 11/03/2020",,"State Senator","34",1,"Manually Counted Emergency",0
"AD","ED","County","EDAD Status","Event","Party/Independent Body","Office/Position Title","District Key","VoteFor","Unit Name","Tally","80","018","Bronx","IN-PLAY","General Election 2020 - 11/03/2020",,"State Senator","34",1,"Absentee / Military",46
"AD","ED","County","EDAD Status","Event","Party/Independent Body","Office/Position Title","District Key","VoteFor","Unit Name","Tally","80","018","Bronx","IN-PLAY","General Election 2020 - 11/03/2020",,"State Senator","34",1,"Federal",1
"AD","ED","County","EDAD Status","Event","Party/Independent Body","Office/Position Title","District Key","VoteFor","Unit Name","Tally","80","018","Bronx","IN-PLAY","General Election 2020 - 11/03/2020",,"State Senator","34",1,"Special Presidential",0
"AD","ED","County","EDAD Status","Event","Party/Independent Body","Office/Position Title","District Key","VoteFor","Unit Name","Tally","80","018","Bronx","IN-PLAY","General Election 2020 - 11/03/2020",,"State Senator","34",1,"Affidavit",8
"AD","ED","County","EDAD Status","Event","Party/Independent Body","Office/Position Title","District Key","VoteFor","Unit Name","Tally","80","018","Bronx","IN-PLAY","General Election 2020 - 11/03/2020",,"State Senator","34",1,"Alessandra Biaggi (Democratic)",150
"AD","ED","County","EDAD Status","Event","Party/Independent Body","Office/Position Title","District Key","VoteFor","Unit Name","Tally","80","018","Bronx","IN-PLAY","General Election 2020 - 11/03/2020",,"State Senator","34",1,"James B. Gisondi (Republican)",84
"AD","ED","County","EDAD Status","Event","Party/Independent Body","Office/Position Title","District Key","VoteFor","Unit Name","Tally","80","018","Bronx","IN-PLAY","General Election 2020 - 11/03/2020",,"State Senator","34",1,"Antonio Vitiello (Conservative)",19
"AD","ED","County","EDAD Status","Event","Party/Independent Body","Office/Position Title","District Key","VoteFor","Unit Name","Tally","80","018","Bronx","IN-PLAY","General Election 2020 - 11/03/2020",,"State Senator","34",1,"Alessandra Biaggi (Working Families)",15
"AD","ED","County","EDAD Status","Event","Party/Independent Body","Office/Position Title","District Key","VoteFor","Unit Name","Tally","80","019","Bronx","IN-PLAY","General Election 2020 - 11/03/2020",,"State Senator","34",1,"Public Counter",176
"AD","ED","County","EDAD Status","Event","Party/Independent Body","Office/Position Title","District Key","VoteFor","Unit Name","Tally","80","019","Bronx","IN-PLAY","General Election 2020 - 11/03/2020",,"State Senator","34",1,"Manually Counted Emergency",0
"AD","ED","County","EDAD Status","Event","Party/Independent Body","Office/Position Title","District Key","VoteFor","Unit Name","Tally","80","019","Bronx","IN-PLAY","General Election 2020 - 11/03/2020",,"State Senator","34",1,"Absentee / Military",39
"AD","ED","County","EDAD Status","Event","Party/Independent Body","Office/Position Title","District Key","VoteFor","Unit Name","Tally","80","019","Bronx","IN-PLAY","General Election 2020 - 11/03/2020",,"State Senator","34",1,"Federal",0
"AD","ED","County","EDAD Status","Event","Party/Independent Body","Office/Position Title","District Key","VoteFor","Unit Name","Tally","80","019","Bronx","IN-PLAY","General Election 2020 - 11/03/2020",,"State Senator","34",1,"Special Presidential",0
"AD","ED","County","EDAD Status","Event","Party/Independent Body","Office/Position Title","District Key","VoteFor","Unit Name","Tally","80","019","Bronx","IN-PLAY","General Election 2020 - 11/03/2020",,"State Senator","34",1,"Affidavit",6
"AD","ED","County","EDAD Status","Event","Party/Independent Body","Office/Position Title","District Key","VoteFor","Unit Name","Tally","80","019","Bronx","IN-PLAY","General Election 2020 - 11/03/2020",,"State Senator","34",1,"Alessandra Biaggi (Democratic)",99
"AD","ED","County","EDAD Status","Event","Party/Independent Body","Office/Position Title","District Key","VoteFor","Unit Name","Tally","80","019","Bronx","IN-PLAY","General Election 2020 - 11/03/2020",,"State Senator","34",1,"James B. Gisondi (Republican)",99
"AD","ED","County","EDAD Status","Event","Party/Independent Body","Office/Position Title","District Key","VoteFor","Unit Name","Tally","80","019","Bronx","IN-PLAY","General Election 2020 - 11/03/2020",,"State Senator","34",1,"Antonio Vitiello (Conservative)",7
"AD","ED","County","EDAD Status","Event","Party/Independent Body","Office/Position Title","District Key","VoteFor","Unit Name","Tally","80","019","Bronx","IN-PLAY","General Election 2020 - 11/03/2020",,"State Senator","34",1,"Alessandra Biaggi (Working Families)",12
"AD","ED","County","EDAD Status","Event","Party/Independent Body","Office/Position Title","District Key","VoteFor","Unit Name","Tally","80","020","Bronx","IN-PLAY","General Election 2020 - 11/03/2020",,"State Senator","34",1,"Public Counter",381
"AD","ED","County","EDAD Status","Event","Party/Independent Body","Office/Position Title","District Key","VoteFor","Unit Name","Tally","80","020","Bronx","IN-PLAY","General Election 2020 - 11/03/2020",,"State Senator","34",1,"Manually Counted Emergency",0
"AD","ED","County","EDAD Status","Event","Party/Independent Body","Office/Position Title","District Key","VoteFor","Unit Name","Tally","80","020","Bronx","IN-PLAY","General Election 2020 - 11/03/2020",,"State Senator","34",1,"Absentee / Military",117
"AD","ED","County","EDAD Status","Event","Party/Independent Body","Office/Position Title","District Key","VoteFor","Unit Name","Tally","80","020","Bronx","IN-PLAY","General Election 2020 - 11/03/2020",,"State Senator","34",1,"Federal",0
"AD","ED","County","EDAD Status","Event","Party/Independent Body","Office/Position Title","District Key","VoteFor","Unit Name","Tally","80","020","Bronx","IN-PLAY","General Election 2020 - 11/03/2020",,"State Senator","34",1,"Special Presidential",0
"AD","ED","County","EDAD Status","Event","Party/Independent Body","Office/Position Title","District Key","VoteFor","Unit Name","Tally","80","020","Bronx","IN-PLAY","General Election 2020 - 11/03/2020",,"State Senator","34",1,"Affidavit",2
"AD","ED","County","EDAD Status","Event","Party/Independent Body","Office/Position Title","District Key","VoteFor","Unit Name","Tally","80","020","Bronx","IN-PLAY","General Election 2020 - 11/03/2020",,"State Senator","34",1,"Alessandra Biaggi (Democratic)",357
"AD","ED","County","EDAD Status","Event","Party/Independent Body","Office/Position Title","District Key","VoteFor","Unit Name","Tally","80","020","Bronx","IN-PLAY","General Election 2020 - 11/03/2020",,"State Senator","34",1,"James B. Gisondi (Republican)",82
"AD","ED","County","EDAD Status","Event","Party/Independent Body","Office/Position Title","District Key","VoteFor","Unit Name","Tally","80","020","Bronx","IN-PLAY","General Election 2020 - 11/03/2020",,"State Senator","34",1,"Antonio Vitiello (Conservative)",10
"AD","ED","County","EDAD Status","Event","Party/Independent Body","Office/Position Title","District Key","VoteFor","Unit Name","Tally","80","020","Bronx","IN-PLAY","General Election 2020 - 11/03/2020",,"State Senator","34",1,"Alessandra Biaggi (Working Families)",32
"AD","ED","County","EDAD Status","Event","Party/Independent Body","Office/Position Title","District Key","VoteFor","Unit Name","Tally","80","020","Bronx","IN-PLAY","General Election 2020 - 11/03/2020",,"State Senator","34",1,"Scattered",1
"AD","ED","County","EDAD Status","Event","Party/Independent Body","Office/Position Title","District Key","VoteFor","Unit Name","Tally","80","021","Bronx","IN-PLAY","General Election 2020 - 11/03/2020",,"State Senator","34",1,"Public Counter",445
"AD","ED","County","EDAD Status","Event","Party/Independent Body","Office/Position Title","District Key","VoteFor","Unit Name","Tally","80","021","Bronx","IN-PLAY","General Election 2020 - 11/03/2020",,"State Senator","34",1,"Manually Counted Emergency",0
"AD","ED","County","EDAD Status","Event","Party/Independent Body","Office/Position Title","District Key","VoteFor","Unit Name","Tally","80","021","Bronx","IN-PLAY","General Election 2020 - 11/03/2020",,"State Senator","34",1,"Absentee / Military",121
"AD","ED","County","EDAD Status","Event","Party/Independent Body","Office/Position Title","District Key","VoteFor","Unit Name","Tally","80","021","Bronx","IN-PLAY","General Election 2020 - 11/03/2020",,"State Senator","34",1,"Federal",0
"AD","ED","County","EDAD Status","Event","Party/Independent Body","Office/Position Title","District Key","VoteFor","Unit Name","Tally","80","021","Bronx","IN-PLAY","General Election 2020 - 11/03/2020",,"State Senator","34",1,"Special Presidential",0
"AD","ED","County","EDAD Status","Event","Party/Independent Body","Office/Position Title","District Key","VoteFor","Unit Name","Tally","80","021","Bronx","IN-PLAY","General Election 2020 - 11/03/2020",,"State Senator","34",1,"Affidavit",7
"AD","ED","County","EDAD Status","Event","Party/Independent Body","Office/Position Title","District Key","VoteFor","Unit Name","Tally","80","021","Bronx","IN-PLAY","General Election 2020 - 11/03/2020",,"State Senator","34",1,"Alessandra Biaggi (Democratic)",429
"AD","ED","County","EDAD Status","Event","Party/Independent Body","Office/Position Title","District Key","VoteFor","Unit Name","Tally","80","021","Bronx","IN-PLAY","General Election 2020 - 11/03/2020",,"State Senator","34",1,"James B. Gisondi (Republican)",72
"AD","ED","County","EDAD Status","Event","Party/Independent Body","Office/Position Title","District Key","VoteFor","Unit Name","Tally","80","021","Bronx","IN-PLAY","General Election 2020 - 11/03/2020",,"State Senator","34",1,"Antonio Vitiello (Conservative)",11
"AD","ED","County","EDAD Status","Event","Party/Independent Body","Office/Position Title","District Key","VoteFor","Unit Name","Tally","80","021","Bronx","IN-PLAY","General Election 2020 - 11/03/2020",,"State Senator","34",1,"Alessandra Biaggi (Working Families)",36
"AD","ED","County","EDAD Status","Event","Party/Independent Body","Office/Position Title","District Key","VoteFor","Unit Name","Tally","80","022","Bronx","IN-PLAY","General Election 2020 - 11/03/2020",,"State Senator","34",1,"Public Counter",479
"AD","ED","County","EDAD Status","Event","Party/Independent Body","Office/Position Title","District Key","VoteFor","Unit Name","Tally","80","022","Bronx","IN-PLAY","General Election 2020 - 11/03/2020",,"State Senator","34",1,"Manually Counted Emergency",0
"AD","ED","County","EDAD Status","Event","Party/Independent Body","Office/Position Title","District Key","VoteFor","Unit Name","Tally","80","022","Bronx","IN-PLAY","General Election 2020 - 11/03/2020",,"State Senator","34",1,"Absentee / Military",99
"AD","ED","County","EDAD Status","Event","Party/Independent Body","Office/Position Title","District Key","VoteFor","Unit Name","Tally","80","022","Bronx","IN-PLAY","General Election 2020 - 11/03/2020",,"State Senator","34",1,"Federal",5
"AD","ED","County","EDAD Status","Event","Party/Independent Body","Office/Position Title","District Key","VoteFor","Unit Name","Tally","80","022","Bronx","IN-PLAY","General Election 2020 - 11/03/2020",,"State Senator","34",1,"Special Presidential",0
"AD","ED","County","EDAD Status","Event","Party/Independent Body","Office/Position Title","District Key","VoteFor","Unit Name","Tally","80","022","Bronx","IN-PLAY","General Election 2020 - 11/03/2020",,"State Senator","34",1,"Affidavit",14
"AD","ED","County","EDAD Status","Event","Party/Independent Body","Office/Position Title","District Key","VoteFor","Unit Name","Tally","80","022","Bronx","IN-PLAY","General Election 2020 - 11/03/2020",,"State Senator","34",1,"Alessandra Biaggi (Democratic)",446
"AD","ED","County","EDAD Status","Event","Party/Independent Body","Office/Position Title","District Key","VoteFor","Unit Name","Tally","80","022","Bronx","IN-PLAY","General Election 2020 - 11/03/2020",,"State Senator","34",1,"James B. Gisondi (Republican)",83
"AD","ED","County","EDAD Status","Event","Party/Independent Body","Office/Position Title","District Key","VoteFor","Unit Name","Tally","80","022","Bronx","IN-PLAY","General Election 2020 - 11/03/2020",,"State Senator","34",1,"Antonio Vitiello (Conservative)",5
"AD","ED","County","EDAD Status","Event","Party/Independent Body","Office/Position Title","District Key","VoteFor","Unit Name","Tally","80","022","Bronx","IN-PLAY","General Election 2020 - 11/03/2020",,"State Senator","34",1,"Alessandra Biaggi (Working Families)",37
"AD","ED","County","EDAD Status","Event","Party/Independent Body","Office/Position Title","District Key","VoteFor","Unit Name","Tally","80","023","Bronx","IN-PLAY","General Election 2020 - 11/03/2020",,"State Senator","34",1,"Public Counter",439
"AD","ED","County","EDAD Status","Event","Party/Independent Body","Office/Position Title","District Key","VoteFor","Unit Name","Tally","80","023","Bronx","IN-PLAY","General Election 2020 - 11/03/2020",,"State Senator","34",1,"Manually Counted Emergency",0
"AD","ED","County","EDAD Status","Event","Party/Independent Body","Office/Position Title","District Key","VoteFor","Unit Name","Tally","80","023","Bronx","IN-PLAY","General Election 2020 - 11/03/2020",,"State Senator","34",1,"Absentee / Military",104
"AD","ED","County","EDAD Status","Event","Party/Independent Body","Office/Position Title","District Key","VoteFor","Unit Name","Tally","80","023","Bronx","IN-PLAY","General Election 2020 - 11/03/2020",,"State Senator","34",1,"Federal",0
"AD","ED","County","EDAD Status","Event","Party/Independent Body","Office/Position Title","District Key","VoteFor","Unit Name","Tally","80","023","Bronx","IN-PLAY","General Election 2020 - 11/03/2020",,"State Senator","34",1,"Special Presidential",0
"AD","ED","County","EDAD Status","Event","Party/Independent Body","Office/Position Title","District Key","VoteFor","Unit Name","Tally","80","023","Bronx","IN-PLAY","General Election 2020 - 11/03/2020",,"State Senator","34",1,"Affidavit",14
"AD","ED","County","EDAD Status","Event","Party/Independent Body","Office/Position Title","District Key","VoteFor","Unit Name","Tally","80","023","Bronx","IN-PLAY","General Election 2020 - 11/03/2020",,"State Senator","34",1,"Alessandra Biaggi (Democratic)",420
"AD","ED","County","EDAD Status","Event","Party/Independent Body","Office/Position Title","District Key","VoteFor","Unit Name","Tally","80","023","Bronx","IN-PLAY","General Election 2020 - 11/03/2020",,"State Senator","34",1,"James B. Gisondi (Republican)",71
"AD","ED","County","EDAD Status","Event","Party/Independent Body","Office/Position Title","District Key","VoteFor","Unit Name","Tally","80","023","Bronx","IN-PLAY","General Election 2020 - 11/03/2020",,"State Senator","34",1,"Antonio Vitiello (Conservative)",4
"AD","ED","County","EDAD Status","Event","Party/Independent Body","Office/Position Title","District Key","VoteFor","Unit Name","Tally","80","023","Bronx","IN-PLAY","General Election 2020 - 11/03/2020",,"State Senator","34",1,"Alessandra Biaggi (Working Families)",35
"AD","ED","County","EDAD Status","Event","Party/Independent Body","Office/Position Title","District Key","VoteFor","Unit Name","Tally","80","024","Bronx","IN-PLAY","General Election 2020 - 11/03/2020",,"State Senator","34",1,"Public Counter",263
"AD","ED","County","EDAD Status","Event","Party/Independent Body","Office/Position Title","District Key","VoteFor","Unit Name","Tally","80","024","Bronx","IN-PLAY","General Election 2020 - 11/03/2020",,"State Senator","34",1,"Manually Counted Emergency",0
"AD","ED","County","EDAD Status","Event","Party/Independent Body","Office/Position Title","District Key","VoteFor","Unit Name","Tally","80","024","Bronx","IN-PLAY","General Election 2020 - 11/03/2020",,"State Senator","34",1,"Absentee / Military",111
"AD","ED","County","EDAD Status","Event","Party/Independent Body","Office/Position Title","District Key","VoteFor","Unit Name","Tally","80","024","Bronx","IN-PLAY","General Election 2020 - 11/03/2020",,"State Senator","34",1,"Federal",3
"AD","ED","County","EDAD Status","Event","Party/Independent Body","Office/Position Title","District Key","VoteFor","Unit Name","Tally","80","024","Bronx","IN-PLAY","General Election 2020 - 11/03/2020",,"State Senator","34",1,"Special Presidential",0
"AD","ED","County","EDAD Status","Event","Party/Independent Body","Office/Position Title","District Key","VoteFor","Unit Name","Tally","80","024","Bronx","IN-PLAY","General Election 2020 - 11/03/2020",,"State Senator","34",1,"Affidavit",7
"AD","ED","County","EDAD Status","Event","Party/Independent Body","Office/Position Title","District Key","VoteFor","Unit Name","Tally","80","024","Bronx","IN-PLAY","General Election 2020 - 11/03/2020",,"State Senator","34",1,"Alessandra Biaggi (Democratic)",290
"AD","ED","County","EDAD Status","Event","Party/Independent Body","Office/Position Title","District Key","VoteFor","Unit Name","Tally","80","024","Bronx","IN-PLAY","General Election 2020 - 11/03/2020",,"State Senator","34",1,"James B. Gisondi (Republican)",50
"AD","ED","County","EDAD Status","Event","Party/Independent Body","Office/Position Title","District Key","VoteFor","Unit Name","Tally","80","024","Bronx","IN-PLAY","General Election 2020 - 11/03/2020",,"State Senator","34",1,"Antonio Vitiello (Conservative)",5
"AD","ED","County","EDAD Status","Event","Party/Independent Body","Office/Position Title","District Key","VoteFor","Unit Name","Tally","80","024","Bronx","IN-PLAY","General Election 2020 - 11/03/2020",,"State Senator","34",1,"Alessandra Biaggi (Working Families)",16
"AD","ED","County","EDAD Status","Event","Party/Independent Body","Office/Position Title","District Key","VoteFor","Unit Name","Tally","80","025","Bronx","IN-PLAY","General Election 2020 - 11/03/2020",,"State Senator","34",1,"Public Counter",316
"AD","ED","County","EDAD Status","Event","Party/Independent Body","Office/Position Title","District Key","VoteFor","Unit Name","Tally","80","025","Bronx","IN-PLAY","General Election 2020 - 11/03/2020",,"State Senator","34",1,"Manually Counted Emergency",0
"AD","ED","County","EDAD Status","Event","Party/Independent Body","Office/Position Title","District Key","VoteFor","Unit Name","Tally","80","025","Bronx","IN-PLAY","General Election 2020 - 11/03/2020",,"State Senator","34",1,"Absentee / Military",119
"AD","ED","County","EDAD Status","Event","Party/Independent Body","Office/Position Title","District Key","VoteFor","Unit Name","Tally","80","025","Bronx","IN-PLAY","General Election 2020 - 11/03/2020",,"State Senator","34",1,"Federal",1
"AD","ED","County","EDAD Status","Event","Party/Independent Body","Office/Position Title","District Key","VoteFor","Unit Name","Tally","80","025","Bronx","IN-PLAY","General Election 2020 - 11/03/2020",,"State Senator","34",1,"Special Presidential",0
"AD","ED","County","EDAD Status","Event","Party/Independent Body","Office/Position Title","District Key","VoteFor","Unit Name","Tally","80","025","Bronx","IN-PLAY","General Election 2020 - 11/03/2020",,"State Senator","34",1,"Affidavit",8
"AD","ED","County","EDAD Status","Event","Party/Independent Body","Office/Position Title","District Key","VoteFor","Unit Name","Tally","80","025","Bronx","IN-PLAY","General Election 2020 - 11/03/2020",,"State Senator","34",1,"Alessandra Biaggi (Democratic)",321
"AD","ED","County","EDAD Status","Event","Party/Independent Body","Office/Position Title","District Key","VoteFor","Unit Name","Tally","80","025","Bronx","IN-PLAY","General Election 2020 - 11/03/2020",,"State Senator","34",1,"James B. Gisondi (Republican)",48
"AD","ED","County","EDAD Status","Event","Party/Independent Body","Office/Position Title","District Key","VoteFor","Unit Name","Tally","80","025","Bronx","IN-PLAY","General Election 2020 - 11/03/2020",,"State Senator","34",1,"Antonio Vitiello (Conservative)",9
"AD","ED","County","EDAD Status","Event","Party/Independent Body","Office/Position Title","District Key","VoteFor","Unit Name","Tally","80","025","Bronx","IN-PLAY","General Election 2020 - 11/03/2020",,"State Senator","34",1,"Alessandra Biaggi (Working Families)",34
"AD","ED","County","EDAD Status","Event","Party/Independent Body","Office/Position Title","District Key","VoteFor","Unit Name","Tally","80","025","Bronx","IN-PLAY","General Election 2020 - 11/03/2020",,"State Senator","34",1,"Scattered",1
"AD","ED","County","EDAD Status","Event","Party/Independent Body","Office/Position Title","District Key","VoteFor","Unit Name","Tally","80","026","Bronx","IN-PLAY","General Election 2020 - 11/03/2020",,"State Senator","34",1,"Public Counter",386
"AD","ED","County","EDAD Status","Event","Party/Independent Body","Office/Position Title","District Key","VoteFor","Unit Name","Tally","80","026","Bronx","IN-PLAY","General Election 2020 - 11/03/2020",,"State Senator","34",1,"Manually Counted Emergency",0
"AD","ED","County","EDAD Status","Event","Party/Independent Body","Office/Position Title","District Key","VoteFor","Unit Name","Tally","80","026","Bronx","IN-PLAY","General Election 2020 - 11/03/2020",,"State Senator","34",1,"Absentee / Military",57
"AD","ED","County","EDAD Status","Event","Party/Independent Body","Office/Position Title","District Key","VoteFor","Unit Name","Tally","80","026","Bronx","IN-PLAY","General Election 2020 - 11/03/2020",,"State Senator","34",1,"Federal",0
"AD","ED","County","EDAD Status","Event","Party/Independent Body","Office/Position Title","District Key","VoteFor","Unit Name","Tally","80","026","Bronx","IN-PLAY","General Election 2020 - 11/03/2020",,"State Senator","34",1,"Special Presidential",0
"AD","ED","County","EDAD Status","Event","Party/Independent Body","Office/Position Title","District Key","VoteFor","Unit Name","Tally","80","026","Bronx","IN-PLAY","General Election 2020 - 11/03/2020",,"State Senator","34",1,"Affidavit",5
"AD","ED","County","EDAD Status","Event","Party/Independent Body","Office/Position Title","District Key","VoteFor","Unit Name","Tally","80","026","Bronx","IN-PLAY","General Election 2020 - 11/03/2020",,"State Senator","34",1,"Alessandra Biaggi (Democratic)",300
"AD","ED","County","EDAD Status","Event","Party/Independent Body","Office/Position Title","District Key","VoteFor","Unit Name","Tally","80","026","Bronx","IN-PLAY","General Election 2020 - 11/03/2020",,"State Senator","34",1,"James B. Gisondi (Republican)",84
"AD","ED","County","EDAD Status","Event","Party/Independent Body","Office/Position Title","District Key","VoteFor","Unit Name","Tally","80","026","Bronx","IN-PLAY","General Election 2020 - 11/03/2020",,"State Senator","34",1,"Antonio Vitiello (Conservative)",13
"AD","ED","County","EDAD Status","Event","Party/Independent Body","Office/Position Title","District Key","VoteFor","Unit Name","Tally","80","026","Bronx","IN-PLAY","General Election 2020 - 11/03/2020",,"State Senator","34",1,"Alessandra Biaggi (Working Families)",30
"AD","ED","County","EDAD Status","Event","Party/Independent Body","Office/Position Title","District Key","VoteFor","Unit Name","Tally","80","026","Bronx","IN-PLAY","General Election 2020 - 11/03/2020",,"State Senator","34",1,"Scattered",4
"AD","ED","County","EDAD Status","Event","Party/Independent Body","Office/Position Title","District Key","VoteFor","Unit Name","Tally","80","027","Bronx","IN-PLAY","General Election 2020 - 11/03/2020",,"State Senator","34",1,"Public Counter",271
"AD","ED","County","EDAD Status","Event","Party/Independent Body","Office/Position Title","District Key","VoteFor","Unit Name","Tally","80","027","Bronx","IN-PLAY","General Election 2020 - 11/03/2020",,"State Senator","34",1,"Manually Counted Emergency",0
"AD","ED","County","EDAD Status","Event","Party/Independent Body","Office/Position Title","District Key","VoteFor","Unit Name","Tally","80","027","Bronx","IN-PLAY","General Election 2020 - 11/03/2020",,"State Senator","34",1,"Absentee / Military",89
"AD","ED","County","EDAD Status","Event","Party/Independent Body","Office/Position Title","District Key","VoteFor","Unit Name","Tally","80","027","Bronx","IN-PLAY","General Election 2020 - 11/03/2020",,"State Senator","34",1,"Federal",2
"AD","ED","County","EDAD Status","Event","Party/Independent Body","Office/Position Title","District Key","VoteFor","Unit Name","Tally","80","027","Bronx","IN-PLAY","General Election 2020 - 11/03/2020",,"State Senator","34",1,"Special Presidential",0
"AD","ED","County","EDAD Status","Event","Party/Independent Body","Office/Position Title","District Key","VoteFor","Unit Name","Tally","80","027","Bronx","IN-PLAY","General Election 2020 - 11/03/2020",,"State Senator","34",1,"Affidavit",6
"AD","ED","County","EDAD Status","Event","Party/Independent Body","Office/Position Title","District Key","VoteFor","Unit Name","Tally","80","027","Bronx","IN-PLAY","General Election 2020 - 11/03/2020",,"State Senator","34",1,"Alessandra Biaggi (Democratic)",210
"AD","ED","County","EDAD Status","Event","Party/Independent Body","Office/Position Title","District Key","VoteFor","Unit Name","Tally","80","027","Bronx","IN-PLAY","General Election 2020 - 11/03/2020",,"State Senator","34",1,"James B. Gisondi (Republican)",100
"AD","ED","County","EDAD Status","Event","Party/Independent Body","Office/Position Title","District Key","VoteFor","Unit Name","Tally","80","027","Bronx","IN-PLAY","General Election 2020 - 11/03/2020",,"State Senator","34",1,"Antonio Vitiello (Conservative)",21
"AD","ED","County","EDAD Status","Event","Party/Independent Body","Office/Position Title","District Key","VoteFor","Unit Name","Tally","80","027","Bronx","IN-PLAY","General Election 2020 - 11/03/2020",,"State Senator","34",1,"Alessandra Biaggi (Working Families)",22
"AD","ED","County","EDAD Status","Event","Party/Independent Body","Office/Position Title","District Key","VoteFor","Unit Name","Tally","80","028","Bronx","IN-PLAY","General Election 2020 - 11/03/2020",,"State Senator","34",1,"Public Counter",390
"AD","ED","County","EDAD Status","Event","Party/Independent Body","Office/Position Title","District Key","VoteFor","Unit Name","Tally","80","028","Bronx","IN-PLAY","General Election 2020 - 11/03/2020",,"State Senator","34",1,"Manually Counted Emergency",0
"AD","ED","County","EDAD Status","Event","Party/Independent Body","Office/Position Title","District Key","VoteFor","Unit Name","Tally","80","028","Bronx","IN-PLAY","General Election 2020 - 11/03/2020",,"State Senator","34",1,"Absentee / Military",106
"AD","ED","County","EDAD Status","Event","Party/Independent Body","Office/Position Title","District Key","VoteFor","Unit Name","Tally","80","028","Bronx","IN-PLAY","General Election 2020 - 11/03/2020",,"State Senator","34",1,"Federal",0
"AD","ED","County","EDAD Status","Event","Party/Independent Body","Office/Position Title","District Key","VoteFor","Unit Name","Tally","80","028","Bronx","IN-PLAY","General Election 2020 - 11/03/2020",,"State Senator","34",1,"Special Presidential",0
"AD","ED","County","EDAD Status","Event","Party/Independent Body","Office/Position Title","District Key","VoteFor","Unit Name","Tally","80","028","Bronx","IN-PLAY","General Election 2020 - 11/03/2020",,"State Senator","34",1,"Affidavit",0
"AD","ED","County","EDAD Status","Event","Party/Independent Body","Office/Position Title","District Key","VoteFor","Unit Name","Tally","80","028","Bronx","IN-PLAY","General Election 2020 - 11/03/2020",,"State Senator","34",1,"Alessandra Biaggi (Democratic)",301
"AD","ED","County","EDAD Status","Event","Party/Independent Body","Office/Position Title","District Key","VoteFor","Unit Name","Tally","80","028","Bronx","IN-PLAY","General Election 2020 - 11/03/2020",,"State Senator","34",1,"James B. Gisondi (Republican)",131
"AD","ED","County","EDAD Status","Event","Party/Independent Body","Office/Position Title","District Key","VoteFor","Unit Name","Tally","80","028","Bronx","IN-PLAY","General Election 2020 - 11/03/2020",,"State Senator","34",1,"Antonio Vitiello (Conservative)",20
"AD","ED","County","EDAD Status","Event","Party/Independent Body","Office/Position Title","District Key","VoteFor","Unit Name","Tally","80","028","Bronx","IN-PLAY","General Election 2020 - 11/03/2020",,"State Senator","34",1,"Alessandra Biaggi (Working Families)",23
"AD","ED","County","EDAD Status","Event","Party/Independent Body","Office/Position Title","District Key","VoteFor","Unit Name","Tally","80","029","Bronx","IN-PLAY","General Election 2020 - 11/03/2020",,"State Senator","34",1,"Public Counter",148
"AD","ED","County","EDAD Status","Event","Party/Independent Body","Office/Position Title","District Key","VoteFor","Unit Name","Tally","80","029","Bronx","IN-PLAY","General Election 2020 - 11/03/2020",,"State Senator","34",1,"Manually Counted Emergency",0
"AD","ED","County","EDAD Status","Event","Party/Independent Body","Office/Position Title","District Key","VoteFor","Unit Name","Tally","80","029","Bronx","IN-PLAY","General Election 2020 - 11/03/2020",,"State Senator","34",1,"Absentee / Military",35
"AD","ED","County","EDAD Status","Event","Party/Independent Body","Office/Position Title","District Key","VoteFor","Unit Name","Tally","80","029","Bronx","IN-PLAY","General Election 2020 - 11/03/2020",,"State Senator","34",1,"Federal",0
"AD","ED","County","EDAD Status","Event","Party/Independent Body","Office/Position Title","District Key","VoteFor","Unit Name","Tally","80","029","Bronx","IN-PLAY","General Election 2020 - 11/03/2020",,"State Senator","34",1,"Special Presidential",0
"AD","ED","County","EDAD Status","Event","Party/Independent Body","Office/Position Title","District Key","VoteFor","Unit Name","Tally","80","029","Bronx","IN-PLAY","General Election 2020 - 11/03/2020",,"State Senator","34",1,"Affidavit",2
"AD","ED","County","EDAD Status","Event","Party/Independent Body","Office/Position Title","District Key","VoteFor","Unit Name","Tally","80","029","Bronx","IN-PLAY","General Election 2020 - 11/03/2020",,"State Senator","34",1,"Alessandra Biaggi (Democratic)",84
"AD","ED","County","EDAD Status","Event","Party/Independent Body","Office/Position Title","District Key","VoteFor","Unit Name","Tally","80","029","Bronx","IN-PLAY","General Election 2020 - 11/03/2020",,"State Senator","34",1,"James B. Gisondi (Republican)",70
"AD","ED","County","EDAD Status","Event","Party/Independent Body","Office/Position Title","District Key","VoteFor","Unit Name","Tally","80","029","Bronx","IN-PLAY","General Election 2020 - 11/03/2020",,"State Senator","34",1,"Antonio Vitiello (Conservative)",12
"AD","ED","County","EDAD Status","Event","Party/Independent Body","Office/Position Title","District Key","VoteFor","Unit Name","Tally","80","029","Bronx","IN-PLAY","General Election 2020 - 11/03/2020",,"State Senator","34",1,"Alessandra Biaggi (Working Families)",9
"AD","ED","County","EDAD Status","Event","Party/Independent Body","Office/Position Title","District Key","VoteFor","Unit Name","Tally","80","030","Bronx","IN-PLAY","General Election 2020 - 11/03/2020",,"State Senator","34",1,"Public Counter",502
"AD","ED","County","EDAD Status","Event","Party/Independent Body","Office/Position Title","District Key","VoteFor","Unit Name","Tally","80","030","Bronx","IN-PLAY","General Election 2020 - 11/03/2020",,"State Senator","34",1,"Manually Counted Emergency",0
"AD","ED","County","EDAD Status","Event","Party/Independent Body","Office/Position Title","District Key","VoteFor","Unit Name","Tally","80","030","Bronx","IN-PLAY","General Election 2020 - 11/03/2020",,"State Senator","34",1,"Absentee / Military",93
"AD","ED","County","EDAD Status","Event","Party/Independent Body","Office/Position Title","District Key","VoteFor","Unit Name","Tally","80","030","Bronx","IN-PLAY","General Election 2020 - 11/03/2020",,"State Senator","34",1,"Federal",4
"AD","ED","County","EDAD Status","Event","Party/Independent Body","Office/Position Title","District Key","VoteFor","Unit Name","Tally","80","030","Bronx","IN-PLAY","General Election 2020 - 11/03/2020",,"State Senator","34",1,"Special Presidential",0
"AD","ED","County","EDAD Status","Event","Party/Independent Body","Office/Position Title","District Key","VoteFor","Unit Name","Tally","80","030","Bronx","IN-PLAY","General Election 2020 - 11/03/2020",,"State Senator","34",1,"Affidavit",10
"AD","ED","County","EDAD Status","Event","Party/Independent Body","Office/Position Title","District Key","VoteFor","Unit Name","Tally","80","030","Bronx","IN-PLAY","General Election 2020 - 11/03/2020",,"State Senator","34",1,"Alessandra Biaggi (Democratic)",285
"AD","ED","County","EDAD Status","Event","Party/Independent Body","Office/Position Title","District Key","VoteFor","Unit Name","Tally","80","030","Bronx","IN-PLAY","General Election 2020 - 11/03/2020",,"State Senator","34",1,"James B. Gisondi (Republican)",230
"AD","ED","County","EDAD Status","Event","Party/Independent Body","Office/Position Title","District Key","VoteFor","Unit Name","Tally","80","030","Bronx","IN-PLAY","General Election 2020 - 11/03/2020",,"State Senator","34",1,"Antonio Vitiello (Conservative)",26
"AD","ED","County","EDAD Status","Event","Party/Independent Body","Office/Position Title","District Key","VoteFor","Unit Name","Tally","80","030","Bronx","IN-PLAY","General Election 2020 - 11/03/2020",,"State Senator","34",1,"Alessandra Biaggi (Working Families)",29
"AD","ED","County","EDAD Status","Event","Party/Independent Body","Office/Position Title","District Key","VoteFor","Unit Name","Tally","80","031","Bronx","IN-PLAY","General Election 2020 - 11/03/2020",,"State Senator","34",1,"Public Counter",593
"AD","ED","County","EDAD Status","Event","Party/Independent Body","Office/Position Title","District Key","VoteFor","Unit Name","Tally","80","031","Bronx","IN-PLAY","General Election 2020 - 11/03/2020",,"State Senator","34",1,"Manually Counted Emergency",0
"AD","ED","County","EDAD Status","Event","Party/Independent Body","Office/Position Title","District Key","VoteFor","Unit Name","Tally","80","031","Bronx","IN-PLAY","General Election 2020 - 11/03/2020",,"State Senator","34",1,"Absentee / Military",122
"AD","ED","County","EDAD Status","Event","Party/Independent Body","Office/Position Title","District Key","VoteFor","Unit Name","Tally","80","031","Bronx","IN-PLAY","General Election 2020 - 11/03/2020",,"State Senator","34",1,"Federal",0
"AD","ED","County","EDAD Status","Event","Party/Independent Body","Office/Position Title","District Key","VoteFor","Unit Name","Tally","80","031","Bronx","IN-PLAY","General Election 2020 - 11/03/2020",,"State Senator","34",1,"Special Presidential",0
"AD","ED","County","EDAD Status","Event","Party/Independent Body","Office/Position Title","District Key","VoteFor","Unit Name","Tally","80","031","Bronx","IN-PLAY","General Election 2020 - 11/03/2020",,"State Senator","34",1,"Affidavit",3
"AD","ED","County","EDAD Status","Event","Party/Independent Body","Office/Position Title","District Key","VoteFor","Unit Name","Tally","80","031","Bronx","IN-PLAY","General Election 2020 - 11/03/2020",,"State Senator","34",1,"Alessandra Biaggi (Democratic)",395
"AD","ED","County","EDAD Status","Event","Party/Independent Body","Office/Position Title","District Key","VoteFor","Unit Name","Tally","80","031","Bronx","IN-PLAY","General Election 2020 - 11/03/2020",,"State Senator","34",1,"James B. Gisondi (Republican)",235
"AD","ED","County","EDAD Status","Event","Party/Independent Body","Office/Position Title","District Key","VoteFor","Unit Name","Tally","80","031","Bronx","IN-PLAY","General Election 2020 - 11/03/2020",,"State Senator","34",1,"Antonio Vitiello (Conservative)",33
"AD","ED","County","EDAD Status","Event","Party/Independent Body","Office/Position Title","District Key","VoteFor","Unit Name","Tally","80","031","Bronx","IN-PLAY","General Election 2020 - 11/03/2020",,"State Senator","34",1,"Alessandra Biaggi (Working Families)",41
"AD","ED","County","EDAD Status","Event","Party/Independent Body","Office/Position Title","District Key","VoteFor","Unit Name","Tally","80","032","Bronx","IN-PLAY","General Election 2020 - 11/03/2020",,"State Senator","34",1,"Public Counter",330
"AD","ED","County","EDAD Status","Event","Party/Independent Body","Office/Position Title","District Key","VoteFor","Unit Name","Tally","80","032","Bronx","IN-PLAY","General Election 2020 - 11/03/2020",,"State Senator","34",1,"Manually Counted Emergency",0
"AD","ED","County","EDAD Status","Event","Party/Independent Body","Office/Position Title","District Key","VoteFor","Unit Name","Tally","80","032","Bronx","IN-PLAY","General Election 2020 - 11/03/2020",,"State Senator","34",1,"Absentee / Military",70
"AD","ED","County","EDAD Status","Event","Party/Independent Body","Office/Position Title","District Key","VoteFor","Unit Name","Tally","80","032","Bronx","IN-PLAY","General Election 2020 - 11/03/2020",,"State Senator","34",1,"Federal",3
"AD","ED","County","EDAD Status","Event","Party/Independent Body","Office/Position Title","District Key","VoteFor","Unit Name","Tally","80","032","Bronx","IN-PLAY","General Election 2020 - 11/03/2020",,"State Senator","34",1,"Special Presidential",0
"AD","ED","County","EDAD Status","Event","Party/Independent Body","Office/Position Title","District Key","VoteFor","Unit Name","Tally","80","032","Bronx","IN-PLAY","General Election 2020 - 11/03/2020",,"State Senator","34",1,"Affidavit",2
"AD","ED","County","EDAD Status","Event","Party/Independent Body","Office/Position Title","District Key","VoteFor","Unit Name","Tally","80","032","Bronx","IN-PLAY","General Election 2020 - 11/03/2020",,"State Senator","34",1,"Alessandra Biaggi (Democratic)",214
"AD","ED","County","EDAD Status","Event","Party/Independent Body","Office/Position Title","District Key","VoteFor","Unit Name","Tally","80","032","Bronx","IN-PLAY","General Election 2020 - 11/03/2020",,"State Senator","34",1,"James B. Gisondi (Republican)",148
"AD","ED","County","EDAD Status","Event","Party/Independent Body","Office/Position Title","District Key","VoteFor","Unit Name","Tally","80","032","Bronx","IN-PLAY","General Election 2020 - 11/03/2020",,"State Senator","34",1,"Antonio Vitiello (Conservative)",19
"AD","ED","County","EDAD Status","Event","Party/Independent Body","Office/Position Title","District Key","VoteFor","Unit Name","Tally","80","032","Bronx","IN-PLAY","General Election 2020 - 11/03/2020",,"State Senator","34",1,"Alessandra Biaggi (Working Families)",11
"AD","ED","County","EDAD Status","Event","Party/Independent Body","Office/Position Title","District Key","VoteFor","Unit Name","Tally","80","033","Bronx","IN-PLAY","General Election 2020 - 11/03/2020",,"State Senator","34",1,"Public Counter",285
"AD","ED","County","EDAD Status","Event","Party/Independent Body","Office/Position Title","District Key","VoteFor","Unit Name","Tally","80","033","Bronx","IN-PLAY","General Election 2020 - 11/03/2020",,"State Senator","34",1,"Manually Counted Emergency",0
"AD","ED","County","EDAD Status","Event","Party/Independent Body","Office/Position Title","District Key","VoteFor","Unit Name","Tally","80","033","Bronx","IN-PLAY","General Election 2020 - 11/03/2020",,"State Senator","34",1,"Absentee / Military",63
"AD","ED","County","EDAD Status","Event","Party/Independent Body","Office/Position Title","District Key","VoteFor","Unit Name","Tally","80","033","Bronx","IN-PLAY","General Election 2020 - 11/03/2020",,"State Senator","34",1,"Federal",1
"AD","ED","County","EDAD Status","Event","Party/Independent Body","Office/Position Title","District Key","VoteFor","Unit Name","Tally","80","033","Bronx","IN-PLAY","General Election 2020 - 11/03/2020",,"State Senator","34",1,"Special Presidential",0
"AD","ED","County","EDAD Status","Event","Party/Independent Body","Office/Position Title","District Key","VoteFor","Unit Name","Tally","80","033","Bronx","IN-PLAY","General Election 2020 - 11/03/2020",,"State Senator","34",1,"Affidavit",4
"AD","ED","County","EDAD Status","Event","Party/Independent Body","Office/Position Title","District Key","VoteFor","Unit Name","Tally","80","033","Bronx","IN-PLAY","General Election 2020 - 11/03/2020",,"State Senator","34",1,"Alessandra Biaggi (Democratic)",165
"AD","ED","County","EDAD Status","Event","Party/Independent Body","Office/Position Title","District Key","VoteFor","Unit Name","Tally","80","033","Bronx","IN-PLAY","General Election 2020 - 11/03/2020",,"State Senator","34",1,"James B. Gisondi (Republican)",137
"AD","ED","County","EDAD Status","Event","Party/Independent Body","Office/Position Title","District Key","VoteFor","Unit Name","Tally","80","033","Bronx","IN-PLAY","General Election 2020 - 11/03/2020",,"State Senator","34",1,"Antonio Vitiello (Conservative)",15
"AD","ED","County","EDAD Status","Event","Party/Independent Body","Office/Position Title","District Key","VoteFor","Unit Name","Tally","80","033","Bronx","IN-PLAY","General Election 2020 - 11/03/2020",,"State Senator","34",1,"Alessandra Biaggi (Working Families)",20
"AD","ED","County","EDAD Status","Event","Party/Independent Body","Office/Position Title","District Key","VoteFor","Unit Name","Tally","80","034","Bronx","IN-PLAY","General Election 2020 - 11/03/2020",,"State Senator","34",1,"Public Counter",310
"AD","ED","County","EDAD Status","Event","Party/Independent Body","Office/Position Title","District Key","VoteFor","Unit Name","Tally","80","034","Bronx","IN-PLAY","General Election 2020 - 11/03/2020",,"State Senator","34",1,"Manually Counted Emergency",0
"AD","ED","County","EDAD Status","Event","Party/Independent Body","Office/Position Title","District Key","VoteFor","Unit Name","Tally","80","034","Bronx","IN-PLAY","General Election 2020 - 11/03/2020",,"State Senator","34",1,"Absentee / Military",71
"AD","ED","County","EDAD Status","Event","Party/Independent Body","Office/Position Title","District Key","VoteFor","Unit Name","Tally","80","034","Bronx","IN-PLAY","General Election 2020 - 11/03/2020",,"State Senator","34",1,"Federal",3
"AD","ED","County","EDAD Status","Event","Party/Independent Body","Office/Position Title","District Key","VoteFor","Unit Name","Tally","80","034","Bronx","IN-PLAY","General Election 2020 - 11/03/2020",,"State Senator","34",1,"Special Presidential",0
"AD","ED","County","EDAD Status","Event","Party/Independent Body","Office/Position Title","District Key","VoteFor","Unit Name","Tally","80","034","Bronx","IN-PLAY","General Election 2020 - 11/03/2020",,"State Senator","34",1,"Affidavit",0
"AD","ED","County","EDAD Status","Event","Party/Independent Body","Office/Position Title","District Key","VoteFor","Unit Name","Tally","80","034","Bronx","IN-PLAY","General Election 2020 - 11/03/2020",,"State Senator","34",1,"Alessandra Biaggi (Democratic)",212
"AD","ED","County","EDAD Status","Event","Party/Independent Body","Office/Position Title","District Key","VoteFor","Unit Name","Tally","80","034","Bronx","IN-PLAY","General Election 2020 - 11/03/2020",,"State Senator","34",1,"James B. Gisondi (Republican)",124
"AD","ED","County","EDAD Status","Event","Party/Independent Body","Office/Position Title","District Key","VoteFor","Unit Name","Tally","80","034","Bronx","IN-PLAY","General Election 2020 - 11/03/2020",,"State Senator","34",1,"Antonio Vitiello (Conservative)",10
"AD","ED","County","EDAD Status","Event","Party/Independent Body","Office/Position Title","District Key","VoteFor","Unit Name","Tally","80","034","Bronx","IN-PLAY","General Election 2020 - 11/03/2020",,"State Senator","34",1,"Alessandra Biaggi (Working Families)",25
"AD","ED","County","EDAD Status","Event","Party/Independent Body","Office/Position Title","District Key","VoteFor","Unit Name","Tally","80","035","Bronx","IN-PLAY","General Election 2020 - 11/03/2020",,"State Senator","34",1,"Public Counter",303
"AD","ED","County","EDAD Status","Event","Party/Independent Body","Office/Position Title","District Key","VoteFor","Unit Name","Tally","80","035","Bronx","IN-PLAY","General Election 2020 - 11/03/2020",,"State Senator","34",1,"Manually Counted Emergency",0
"AD","ED","County","EDAD Status","Event","Party/Independent Body","Office/Position Title","District Key","VoteFor","Unit Name","Tally","80","035","Bronx","IN-PLAY","General Election 2020 - 11/03/2020",,"State Senator","34",1,"Absentee / Military",57
"AD","ED","County","EDAD Status","Event","Party/Independent Body","Office/Position Title","District Key","VoteFor","Unit Name","Tally","80","035","Bronx","IN-PLAY","General Election 2020 - 11/03/2020",,"State Senator","34",1,"Federal",1
"AD","ED","County","EDAD Status","Event","Party/Independent Body","Office/Position Title","District Key","VoteFor","Unit Name","Tally","80","035","Bronx","IN-PLAY","General Election 2020 - 11/03/2020",,"State Senator","34",1,"Special Presidential",0
"AD","ED","County","EDAD Status","Event","Party/Independent Body","Office/Position Title","District Key","VoteFor","Unit Name","Tally","80","035","Bronx","IN-PLAY","General Election 2020 - 11/03/2020",,"State Senator","34",1,"Affidavit",3
"AD","ED","County","EDAD Status","Event","Party/Independent Body","Office/Position Title","District Key","VoteFor","Unit Name","Tally","80","035","Bronx","IN-PLAY","General Election 2020 - 11/03/2020",,"State Senator","34",1,"Alessandra Biaggi (Democratic)",172
"AD","ED","County","EDAD Status","Event","Party/Independent Body","Office/Position Title","District Key","VoteFor","Unit Name","Tally","80","035","Bronx","IN-PLAY","General Election 2020 - 11/03/2020",,"State Senator","34",1,"James B. Gisondi (Republican)",137
"AD","ED","County","EDAD Status","Event","Party/Independent Body","Office/Position Title","District Key","VoteFor","Unit Name","Tally","80","035","Bronx","IN-PLAY","General Election 2020 - 11/03/2020",,"State Senator","34",1,"Antonio Vitiello (Conservative)",14
"AD","ED","County","EDAD Status","Event","Party/Independent Body","Office/Position Title","District Key","VoteFor","Unit Name","Tally","80","035","Bronx","IN-PLAY","General Election 2020 - 11/03/2020",,"State Senator","34",1,"Alessandra Biaggi (Working Families)",19
"AD","ED","County","EDAD Status","Event","Party/Independent Body","Office/Position Title","District Key","VoteFor","Unit Name","Tally","80","035","Bronx","IN-PLAY","General Election 2020 - 11/03/2020",,"State Senator","34",1,"Scattered",1
"AD","ED","County","EDAD Status","Event","Party/Independent Body","Office/Position Title","District Key","VoteFor","Unit Name","Tally","80","036","Bronx","IN-PLAY","General Election 2020 - 11/03/2020",,"State Senator","34",1,"Public Counter",470
"AD","ED","County","EDAD Status","Event","Party/Independent Body","Office/Position Title","District Key","VoteFor","Unit Name","Tally","80","036","Bronx","IN-PLAY","General Election 2020 - 11/03/2020",,"State Senator","34",1,"Manually Counted Emergency",0
"AD","ED","County","EDAD Status","Event","Party/Independent Body","Office/Position Title","District Key","VoteFor","Unit Name","Tally","80","036","Bronx","IN-PLAY","General Election 2020 - 11/03/2020",,"State Senator","34",1,"Absentee / Military",95
"AD","ED","County","EDAD Status","Event","Party/Independent Body","Office/Position Title","District Key","VoteFor","Unit Name","Tally","80","036","Bronx","IN-PLAY","General Election 2020 - 11/03/2020",,"State Senator","34",1,"Federal",2
"AD","ED","County","EDAD Status","Event","Party/Independent Body","Office/Position Title","District Key","VoteFor","Unit Name","Tally","80","036","Bronx","IN-PLAY","General Election 2020 - 11/03/2020",,"State Senator","34",1,"Special Presidential",0
"AD","ED","County","EDAD Status","Event","Party/Independent Body","Office/Position Title","District Key","VoteFor","Unit Name","Tally","80","036","Bronx","IN-PLAY","General Election 2020 - 11/03/2020",,"State Senator","34",1,"Affidavit",3
"AD","ED","County","EDAD Status","Event","Party/Independent Body","Office/Position Title","District Key","VoteFor","Unit Name","Tally","80","036","Bronx","IN-PLAY","General Election 2020 - 11/03/2020",,"State Senator","34",1,"Alessandra Biaggi (Democratic)",386
"AD","ED","County","EDAD Status","Event","Party/Independent Body","Office/Position Title","District Key","VoteFor","Unit Name","Tally","80","036","Bronx","IN-PLAY","General Election 2020 - 11/03/2020",,"State Senator","34",1,"James B. Gisondi (Republican)",121
"AD","ED","County","EDAD Status","Event","Party/Independent Body","Office/Position Title","District Key","VoteFor","Unit Name","Tally","80","036","Bronx","IN-PLAY","General Election 2020 - 11/03/2020",,"State Senator","34",1,"Antonio Vitiello (Conservative)",14
"AD","ED","County","EDAD Status","Event","Party/Independent Body","Office/Position Title","District Key","VoteFor","Unit Name","Tally","80","036","Bronx","IN-PLAY","General Election 2020 - 11/03/2020",,"State Senator","34",1,"Alessandra Biaggi (Working Families)",32
"AD","ED","County","EDAD Status","Event","Party/Independent Body","Office/Position Title","District Key","VoteFor","Unit Name","Tally","80","037","Bronx","IN-PLAY","General Election 2020 - 11/03/2020",,"State Senator","34",1,"Public Counter",237
"AD","ED","County","EDAD Status","Event","Party/Independent Body","Office/Position Title","District Key","VoteFor","Unit Name","Tally","80","037","Bronx","IN-PLAY","General Election 2020 - 11/03/2020",,"State Senator","34",1,"Manually Counted Emergency",0
"AD","ED","County","EDAD Status","Event","Party/Independent Body","Office/Position Title","District Key","VoteFor","Unit Name","Tally","80","037","Bronx","IN-PLAY","General Election 2020 - 11/03/2020",,"State Senator","34",1,"Absentee / Military",69
"AD","ED","County","EDAD Status","Event","Party/Independent Body","Office/Position Title","District Key","VoteFor","Unit Name","Tally","80","037","Bronx","IN-PLAY","General Election 2020 - 11/03/2020",,"State Senator","34",1,"Federal",1
"AD","ED","County","EDAD Status","Event","Party/Independent Body","Office/Position Title","District Key","VoteFor","Unit Name","Tally","80","037","Bronx","IN-PLAY","General Election 2020 - 11/03/2020",,"State Senator","34",1,"Special Presidential",0
"AD","ED","County","EDAD Status","Event","Party/Independent Body","Office/Position Title","District Key","VoteFor","Unit Name","Tally","80","037","Bronx","IN-PLAY","General Election 2020 - 11/03/2020",,"State Senator","34",1,"Affidavit",2
"AD","ED","County","EDAD Status","Event","Party/Independent Body","Office/Position Title","District Key","VoteFor","Unit Name","Tally","80","037","Bronx","IN-PLAY","General Election 2020 - 11/03/2020",,"State Senator","34",1,"Alessandra Biaggi (Democratic)",176
"AD","ED","County","EDAD Status","Event","Party/Independent Body","Office/Position Title","District Key","VoteFor","Unit Name","Tally","80","037","Bronx","IN-PLAY","General Election 2020 - 11/03/2020",,"State Senator","34",1,"James B. Gisondi (Republican)",88
"AD","ED","County","EDAD Status","Event","Party/Independent Body","Office/Position Title","District Key","VoteFor","Unit Name","Tally","80","037","Bronx","IN-PLAY","General Election 2020 - 11/03/2020",,"State Senator","34",1,"Antonio Vitiello (Conservative)",16
"AD","ED","County","EDAD Status","Event","Party/Independent Body","Office/Position Title","District Key","VoteFor","Unit Name","Tally","80","037","Bronx","IN-PLAY","General Election 2020 - 11/03/2020",,"State Senator","34",1,"Alessandra Biaggi (Working Families)",14
"AD","ED","County","EDAD Status","Event","Party/Independent Body","Office/Position Title","District Key","VoteFor","Unit Name","Tally","80","037","Bronx","IN-PLAY","General Election 2020 - 11/03/2020",,"State Senator","34",1,"Scattered",1
"AD","ED","County","EDAD Status","Event","Party/Independent Body","Office/Position Title","District Key","VoteFor","Unit Name","Tally","80","038","Bronx","IN-PLAY","General Election 2020 - 11/03/2020",,"State Senator","34",1,"Public Counter",317
"AD","ED","County","EDAD Status","Event","Party/Independent Body","Office/Position Title","District Key","VoteFor","Unit Name","Tally","80","038","Bronx","IN-PLAY","General Election 2020 - 11/03/2020",,"State Senator","34",1,"Manually Counted Emergency",0
"AD","ED","County","EDAD Status","Event","Party/Independent Body","Office/Position Title","District Key","VoteFor","Unit Name","Tally","80","038","Bronx","IN-PLAY","General Election 2020 - 11/03/2020",,"State Senator","34",1,"Absentee / Military",64
"AD","ED","County","EDAD Status","Event","Party/Independent Body","Office/Position Title","District Key","VoteFor","Unit Name","Tally","80","038","Bronx","IN-PLAY","General Election 2020 - 11/03/2020",,"State Senator","34",1,"Federal",2
"AD","ED","County","EDAD Status","Event","Party/Independent Body","Office/Position Title","District Key","VoteFor","Unit Name","Tally","80","038","Bronx","IN-PLAY","General Election 2020 - 11/03/2020",,"State Senator","34",1,"Special Presidential",0
"AD","ED","County","EDAD Status","Event","Party/Independent Body","Office/Position Title","District Key","VoteFor","Unit Name","Tally","80","038","Bronx","IN-PLAY","General Election 2020 - 11/03/2020",,"State Senator","34",1,"Affidavit",8
"AD","ED","County","EDAD Status","Event","Party/Independent Body","Office/Position Title","District Key","VoteFor","Unit Name","Tally","80","038","Bronx","IN-PLAY","General Election 2020 - 11/03/2020",,"State Senator","34",1,"Alessandra Biaggi (Democratic)",269
"AD","ED","County","EDAD Status","Event","Party/Independent Body","Office/Position Title","District Key","VoteFor","Unit Name","Tally","80","038","Bronx","IN-PLAY","General Election 2020 - 11/03/2020",,"State Senator","34",1,"James B. Gisondi (Republican)",79
"AD","ED","County","EDAD Status","Event","Party/Independent Body","Office/Position Title","District Key","VoteFor","Unit Name","Tally","80","038","Bronx","IN-PLAY","General Election 2020 - 11/03/2020",,"State Senator","34",1,"Antonio Vitiello (Conservative)",7
"AD","ED","County","EDAD Status","Event","Party/Independent Body","Office/Position Title","District Key","VoteFor","Unit Name","Tally","80","038","Bronx","IN-PLAY","General Election 2020 - 11/03/2020",,"State Senator","34",1,"Alessandra Biaggi (Working Families)",20
"AD","ED","County","EDAD Status","Event","Party/Independent Body","Office/Position Title","District Key","VoteFor","Unit Name","Tally","80","039","Bronx","IN-PLAY","General Election 2020 - 11/03/2020",,"State Senator","34",1,"Public Counter",467
"AD","ED","County","EDAD Status","Event","Party/Independent Body","Office/Position Title","District Key","VoteFor","Unit Name","Tally","80","039","Bronx","IN-PLAY","General Election 2020 - 11/03/2020",,"State Senator","34",1,"Manually Counted Emergency",0
"AD","ED","County","EDAD Status","Event","Party/Independent Body","Office/Position Title","District Key","VoteFor","Unit Name","Tally","80","039","Bronx","IN-PLAY","General Election 2020 - 11/03/2020",,"State Senator","34",1,"Absentee / Military",162
"AD","ED","County","EDAD Status","Event","Party/Independent Body","Office/Position Title","District Key","VoteFor","Unit Name","Tally","80","039","Bronx","IN-PLAY","General Election 2020 - 11/03/2020",,"State Senator","34",1,"Federal",0
"AD","ED","County","EDAD Status","Event","Party/Independent Body","Office/Position Title","District Key","VoteFor","Unit Name","Tally","80","039","Bronx","IN-PLAY","General Election 2020 - 11/03/2020",,"State Senator","34",1,"Special Presidential",0
"AD","ED","County","EDAD Status","Event","Party/Independent Body","Office/Position Title","District Key","VoteFor","Unit Name","Tally","80","039","Bronx","IN-PLAY","General Election 2020 - 11/03/2020",,"State Senator","34",1,"Affidavit",5
"AD","ED","County","EDAD Status","Event","Party/Independent Body","Office/Position Title","District Key","VoteFor","Unit Name","Tally","80","039","Bronx","IN-PLAY","General Election 2020 - 11/03/2020",,"State Senator","34",1,"Alessandra Biaggi (Democratic)",415
"AD","ED","County","EDAD Status","Event","Party/Independent Body","Office/Position Title","District Key","VoteFor","Unit Name","Tally","80","039","Bronx","IN-PLAY","General Election 2020 - 11/03/2020",,"State Senator","34",1,"James B. Gisondi (Republican)",145
"AD","ED","County","EDAD Status","Event","Party/Independent Body","Office/Position Title","District Key","VoteFor","Unit Name","Tally","80","039","Bronx","IN-PLAY","General Election 2020 - 11/03/2020",,"State Senator","34",1,"Antonio Vitiello (Conservative)",15
"AD","ED","County","EDAD Status","Event","Party/Independent Body","Office/Position Title","District Key","VoteFor","Unit Name","Tally","80","039","Bronx","IN-PLAY","General Election 2020 - 11/03/2020",,"State Senator","34",1,"Alessandra Biaggi (Working Families)",34
"AD","ED","County","EDAD Status","Event","Party/Independent Body","Office/Position Title","District Key","VoteFor","Unit Name","Tally","80","039","Bronx","IN-PLAY","General Election 2020 - 11/03/2020",,"State Senator","34",1,"Scattered",1
"AD","ED","County","EDAD Status","Event","Party/Independent Body","Office/Position Title","District Key","VoteFor","Unit Name","Tally","80","040","Bronx","IN-PLAY","General Election 2020 - 11/03/2020",,"State Senator","34",1,"Public Counter",246
"AD","ED","County","EDAD Status","Event","Party/Independent Body","Office/Position Title","District Key","VoteFor","Unit Name","Tally","80","040","Bronx","IN-PLAY","General Election 2020 - 11/03/2020",,"State Senator","34",1,"Manually Counted Emergency",0
"AD","ED","County","EDAD Status","Event","Party/Independent Body","Office/Position Title","District Key","VoteFor","Unit Name","Tally","80","040","Bronx","IN-PLAY","General Election 2020 - 11/03/2020",,"State Senator","34",1,"Absentee / Military",27
"AD","ED","County","EDAD Status","Event","Party/Independent Body","Office/Position Title","District Key","VoteFor","Unit Name","Tally","80","040","Bronx","IN-PLAY","General Election 2020 - 11/03/2020",,"State Senator","34",1,"Federal",2
"AD","ED","County","EDAD Status","Event","Party/Independent Body","Office/Position Title","District Key","VoteFor","Unit Name","Tally","80","040","Bronx","IN-PLAY","General Election 2020 - 11/03/2020",,"State Senator","34",1,"Special Presidential",0
"AD","ED","County","EDAD Status","Event","Party/Independent Body","Office/Position Title","District Key","VoteFor","Unit Name","Tally","80","040","Bronx","IN-PLAY","General Election 2020 - 11/03/2020",,"State Senator","34",1,"Affidavit",5
"AD","ED","County","EDAD Status","Event","Party/Independent Body","Office/Position Title","District Key","VoteFor","Unit Name","Tally","80","040","Bronx","IN-PLAY","General Election 2020 - 11/03/2020",,"State Senator","34",1,"Alessandra Biaggi (Democratic)",206
"AD","ED","County","EDAD Status","Event","Party/Independent Body","Office/Position Title","District Key","VoteFor","Unit Name","Tally","80","040","Bronx","IN-PLAY","General Election 2020 - 11/03/2020",,"State Senator","34",1,"James B. Gisondi (Republican)",26
"AD","ED","County","EDAD Status","Event","Party/Independent Body","Office/Position Title","District Key","VoteFor","Unit Name","Tally","80","040","Bronx","IN-PLAY","General Election 2020 - 11/03/2020",,"State Senator","34",1,"Antonio Vitiello (Conservative)",7
"AD","ED","County","EDAD Status","Event","Party/Independent Body","Office/Position Title","District Key","VoteFor","Unit Name","Tally","80","040","Bronx","IN-PLAY","General Election 2020 - 11/03/2020",,"State Senator","34",1,"Alessandra Biaggi (Working Families)",13
"AD","ED","County","EDAD Status","Event","Party/Independent Body","Office/Position Title","District Key","VoteFor","Unit Name","Tally","80","041","Bronx","IN-PLAY","General Election 2020 - 11/03/2020",,"State Senator","34",1,"Public Counter",534
"AD","ED","County","EDAD Status","Event","Party/Independent Body","Office/Position Title","District Key","VoteFor","Unit Name","Tally","80","041","Bronx","IN-PLAY","General Election 2020 - 11/03/2020",,"State Senator","34",1,"Manually Counted Emergency",0
"AD","ED","County","EDAD Status","Event","Party/Independent Body","Office/Position Title","District Key","VoteFor","Unit Name","Tally","80","041","Bronx","IN-PLAY","General Election 2020 - 11/03/2020",,"State Senator","34",1,"Absentee / Military",94
"AD","ED","County","EDAD Status","Event","Party/Independent Body","Office/Position Title","District Key","VoteFor","Unit Name","Tally","80","041","Bronx","IN-PLAY","General Election 2020 - 11/03/2020",,"State Senator","34",1,"Federal",2
"AD","ED","County","EDAD Status","Event","Party/Independent Body","Office/Position Title","District Key","VoteFor","Unit Name","Tally","80","041","Bronx","IN-PLAY","General Election 2020 - 11/03/2020",,"State Senator","34",1,"Special Presidential",0
"AD","ED","County","EDAD Status","Event","Party/Independent Body","Office/Position Title","District Key","VoteFor","Unit Name","Tally","80","041","Bronx","IN-PLAY","General Election 2020 - 11/03/2020",,"State Senator","34",1,"Affidavit",8
"AD","ED","County","EDAD Status","Event","Party/Independent Body","Office/Position Title","District Key","VoteFor","Unit Name","Tally","80","041","Bronx","IN-PLAY","General Election 2020 - 11/03/2020",,"State Senator","34",1,"Alessandra Biaggi (Democratic)",480
"AD","ED","County","EDAD Status","Event","Party/Independent Body","Office/Position Title","District Key","VoteFor","Unit Name","Tally","80","041","Bronx","IN-PLAY","General Election 2020 - 11/03/2020",,"State Senator","34",1,"James B. Gisondi (Republican)",56
"AD","ED","County","EDAD Status","Event","Party/Independent Body","Office/Position Title","District Key","VoteFor","Unit Name","Tally","80","041","Bronx","IN-PLAY","General Election 2020 - 11/03/2020",,"State Senator","34",1,"Antonio Vitiello (Conservative)",15
"AD","ED","County","EDAD Status","Event","Party/Independent Body","Office/Position Title","District Key","VoteFor","Unit Name","Tally","80","041","Bronx","IN-PLAY","General Election 2020 - 11/03/2020",,"State Senator","34",1,"Alessandra Biaggi (Working Families)",38
"AD","ED","County","EDAD Status","Event","Party/Independent Body","Office/Position Title","District Key","VoteFor","Unit Name","Tally","80","041","Bronx","IN-PLAY","General Election 2020 - 11/03/2020",,"State Senator","34",1,"Scattered",1
"AD","ED","County","EDAD Status","Event","Party/Independent Body","Office/Position Title","District Key","VoteFor","Unit Name","Tally","80","042","Bronx","IN-PLAY","General Election 2020 - 11/03/2020",,"State Senator","34",1,"Public Counter",352
"AD","ED","County","EDAD Status","Event","Party/Independent Body","Office/Position Title","District Key","VoteFor","Unit Name","Tally","80","042","Bronx","IN-PLAY","General Election 2020 - 11/03/2020",,"State Senator","34",1,"Manually Counted Emergency",0
"AD","ED","County","EDAD Status","Event","Party/Independent Body","Office/Position Title","District Key","VoteFor","Unit Name","Tally","80","042","Bronx","IN-PLAY","General Election 2020 - 11/03/2020",,"State Senator","34",1,"Absentee / Military",31
"AD","ED","County","EDAD Status","Event","Party/Independent Body","Office/Position Title","District Key","VoteFor","Unit Name","Tally","80","042","Bronx","IN-PLAY","General Election 2020 - 11/03/2020",,"State Senator","34",1,"Federal",1
"AD","ED","County","EDAD Status","Event","Party/Independent Body","Office/Position Title","District Key","VoteFor","Unit Name","Tally","80","042","Bronx","IN-PLAY","General Election 2020 - 11/03/2020",,"State Senator","34",1,"Special Presidential",0
"AD","ED","County","EDAD Status","Event","Party/Independent Body","Office/Position Title","District Key","VoteFor","Unit Name","Tally","80","042","Bronx","IN-PLAY","General Election 2020 - 11/03/2020",,"State Senator","34",1,"Affidavit",7
"AD","ED","County","EDAD Status","Event","Party/Independent Body","Office/Position Title","District Key","VoteFor","Unit Name","Tally","80","042","Bronx","IN-PLAY","General Election 2020 - 11/03/2020",,"State Senator","34",1,"Alessandra Biaggi (Democratic)",293
"AD","ED","County","EDAD Status","Event","Party/Independent Body","Office/Position Title","District Key","VoteFor","Unit Name","Tally","80","042","Bronx","IN-PLAY","General Election 2020 - 11/03/2020",,"State Senator","34",1,"James B. Gisondi (Republican)",31
"AD","ED","County","EDAD Status","Event","Party/Independent Body","Office/Position Title","District Key","VoteFor","Unit Name","Tally","80","042","Bronx","IN-PLAY","General Election 2020 - 11/03/2020",,"State Senator","34",1,"Antonio Vitiello (Conservative)",9
"AD","ED","County","EDAD Status","Event","Party/Independent Body","Office/Position Title","District Key","VoteFor","Unit Name","Tally","80","042","Bronx","IN-PLAY","General Election 2020 - 11/03/2020",,"State Senator","34",1,"Alessandra Biaggi (Working Families)",21
"AD","ED","County","EDAD Status","Event","Party/Independent Body","Office/Position Title","District Key","VoteFor","Unit Name","Tally","80","043","Bronx","IN-PLAY","General Election 2020 - 11/03/2020",,"State Senator","34",1,"Public Counter",386
"AD","ED","County","EDAD Status","Event","Party/Independent Body","Office/Position Title","District Key","VoteFor","Unit Name","Tally","80","043","Bronx","IN-PLAY","General Election 2020 - 11/03/2020",,"State Senator","34",1,"Manually Counted Emergency",0
"AD","ED","County","EDAD Status","Event","Party/Independent Body","Office/Position Title","District Key","VoteFor","Unit Name","Tally","80","043","Bronx","IN-PLAY","General Election 2020 - 11/03/2020",,"State Senator","34",1,"Absentee / Military",71
"AD","ED","County","EDAD Status","Event","Party/Independent Body","Office/Position Title","District Key","VoteFor","Unit Name","Tally","80","043","Bronx","IN-PLAY","General Election 2020 - 11/03/2020",,"State Senator","34",1,"Federal",1
"AD","ED","County","EDAD Status","Event","Party/Independent Body","Office/Position Title","District Key","VoteFor","Unit Name","Tally","80","043","Bronx","IN-PLAY","General Election 2020 - 11/03/2020",,"State Senator","34",1,"Special Presidential",0
"AD","ED","County","EDAD Status","Event","Party/Independent Body","Office/Position Title","District Key","VoteFor","Unit Name","Tally","80","043","Bronx","IN-PLAY","General Election 2020 - 11/03/2020",,"State Senator","34",1,"Affidavit",4
"AD","ED","County","EDAD Status","Event","Party/Independent Body","Office/Position Title","District Key","VoteFor","Unit Name","Tally","80","043","Bronx","IN-PLAY","General Election 2020 - 11/03/2020",,"State Senator","34",1,"Alessandra Biaggi (Democratic)",310
"AD","ED","County","EDAD Status","Event","Party/Independent Body","Office/Position Title","District Key","VoteFor","Unit Name","Tally","80","043","Bronx","IN-PLAY","General Election 2020 - 11/03/2020",,"State Senator","34",1,"James B. Gisondi (Republican)",87
"AD","ED","County","EDAD Status","Event","Party/Independent Body","Office/Position Title","District Key","VoteFor","Unit Name","Tally","80","043","Bronx","IN-PLAY","General Election 2020 - 11/03/2020",,"State Senator","34",1,"Antonio Vitiello (Conservative)",9
"AD","ED","County","EDAD Status","Event","Party/Independent Body","Office/Position Title","District Key","VoteFor","Unit Name","Tally","80","043","Bronx","IN-PLAY","General Election 2020 - 11/03/2020",,"State Senator","34",1,"Alessandra Biaggi (Working Families)",28
"AD","ED","County","EDAD Status","Event","Party/Independent Body","Office/Position Title","District Key","VoteFor","Unit Name","Tally","80","043","Bronx","IN-PLAY","General Election 2020 - 11/03/2020",,"State Senator","34",1,"Scattered",1
"AD","ED","County","EDAD Status","Event","Party/Independent Body","Office/Position Title","District Key","VoteFor","Unit Name","Tally","80","044","Bronx","IN-PLAY","General Election 2020 - 11/03/2020",,"State Senator","34",1,"Public Counter",325
"AD","ED","County","EDAD Status","Event","Party/Independent Body","Office/Position Title","District Key","VoteFor","Unit Name","Tally","80","044","Bronx","IN-PLAY","General Election 2020 - 11/03/2020",,"State Senator","34",1,"Manually Counted Emergency",0
"AD","ED","County","EDAD Status","Event","Party/Independent Body","Office/Position Title","District Key","VoteFor","Unit Name","Tally","80","044","Bronx","IN-PLAY","General Election 2020 - 11/03/2020",,"State Senator","34",1,"Absentee / Military",66
"AD","ED","County","EDAD Status","Event","Party/Independent Body","Office/Position Title","District Key","VoteFor","Unit Name","Tally","80","044","Bronx","IN-PLAY","General Election 2020 - 11/03/2020",,"State Senator","34",1,"Federal",1
"AD","ED","County","EDAD Status","Event","Party/Independent Body","Office/Position Title","District Key","VoteFor","Unit Name","Tally","80","044","Bronx","IN-PLAY","General Election 2020 - 11/03/2020",,"State Senator","34",1,"Special Presidential",0
"AD","ED","County","EDAD Status","Event","Party/Independent Body","Office/Position Title","District Key","VoteFor","Unit Name","Tally","80","044","Bronx","IN-PLAY","General Election 2020 - 11/03/2020",,"State Senator","34",1,"Affidavit",5
"AD","ED","County","EDAD Status","Event","Party/Independent Body","Office/Position Title","District Key","VoteFor","Unit Name","Tally","80","044","Bronx","IN-PLAY","General Election 2020 - 11/03/2020",,"State Senator","34",1,"Alessandra Biaggi (Democratic)",249
"AD","ED","County","EDAD Status","Event","Party/Independent Body","Office/Position Title","District Key","VoteFor","Unit Name","Tally","80","044","Bronx","IN-PLAY","General Election 2020 - 11/03/2020",,"State Senator","34",1,"James B. Gisondi (Republican)",99
"AD","ED","County","EDAD Status","Event","Party/Independent Body","Office/Position Title","District Key","VoteFor","Unit Name","Tally","80","044","Bronx","IN-PLAY","General Election 2020 - 11/03/2020",,"State Senator","34",1,"Antonio Vitiello (Conservative)",13
"AD","ED","County","EDAD Status","Event","Party/Independent Body","Office/Position Title","District Key","VoteFor","Unit Name","Tally","80","044","Bronx","IN-PLAY","General Election 2020 - 11/03/2020",,"State Senator","34",1,"Alessandra Biaggi (Working Families)",18
"AD","ED","County","EDAD Status","Event","Party/Independent Body","Office/Position Title","District Key","VoteFor","Unit Name","Tally","80","045","Bronx","IN-PLAY","General Election 2020 - 11/03/2020",,"State Senator","34",1,"Public Counter",462
"AD","ED","County","EDAD Status","Event","Party/Independent Body","Office/Position Title","District Key","VoteFor","Unit Name","Tally","80","045","Bronx","IN-PLAY","General Election 2020 - 11/03/2020",,"State Senator","34",1,"Manually Counted Emergency",0
"AD","ED","County","EDAD Status","Event","Party/Independent Body","Office/Position Title","District Key","VoteFor","Unit Name","Tally","80","045","Bronx","IN-PLAY","General Election 2020 - 11/03/2020",,"State Senator","34",1,"Absentee / Military",71
"AD","ED","County","EDAD Status","Event","Party/Independent Body","Office/Position Title","District Key","VoteFor","Unit Name","Tally","80","045","Bronx","IN-PLAY","General Election 2020 - 11/03/2020",,"State Senator","34",1,"Federal",3
"AD","ED","County","EDAD Status","Event","Party/Independent Body","Office/Position Title","District Key","VoteFor","Unit Name","Tally","80","045","Bronx","IN-PLAY","General Election 2020 - 11/03/2020",,"State Senator","34",1,"Special Presidential",0
"AD","ED","County","EDAD Status","Event","Party/Independent Body","Office/Position Title","District Key","VoteFor","Unit Name","Tally","80","045","Bronx","IN-PLAY","General Election 2020 - 11/03/2020",,"State Senator","34",1,"Affidavit",10
"AD","ED","County","EDAD Status","Event","Party/Independent Body","Office/Position Title","District Key","VoteFor","Unit Name","Tally","80","045","Bronx","IN-PLAY","General Election 2020 - 11/03/2020",,"State Senator","34",1,"Alessandra Biaggi (Democratic)",357
"AD","ED","County","EDAD Status","Event","Party/Independent Body","Office/Position Title","District Key","VoteFor","Unit Name","Tally","80","045","Bronx","IN-PLAY","General Election 2020 - 11/03/2020",,"State Senator","34",1,"James B. Gisondi (Republican)",105
"AD","ED","County","EDAD Status","Event","Party/Independent Body","Office/Position Title","District Key","VoteFor","Unit Name","Tally","80","045","Bronx","IN-PLAY","General Election 2020 - 11/03/2020",,"State Senator","34",1,"Antonio Vitiello (Conservative)",17
"AD","ED","County","EDAD Status","Event","Party/Independent Body","Office/Position Title","District Key","VoteFor","Unit Name","Tally","80","045","Bronx","IN-PLAY","General Election 2020 - 11/03/2020",,"State Senator","34",1,"Alessandra Biaggi (Working Families)",35
"AD","ED","County","EDAD Status","Event","Party/Independent Body","Office/Position Title","District Key","VoteFor","Unit Name","Tally","80","046","Bronx","IN-PLAY","General Election 2020 - 11/03/2020",,"State Senator","34",1,"Public Counter",183
"AD","ED","County","EDAD Status","Event","Party/Independent Body","Office/Position Title","District Key","VoteFor","Unit Name","Tally","80","046","Bronx","IN-PLAY","General Election 2020 - 11/03/2020",,"State Senator","34",1,"Manually Counted Emergency",0
"AD","ED","County","EDAD Status","Event","Party/Independent Body","Office/Position Title","District Key","VoteFor","Unit Name","Tally","80","046","Bronx","IN-PLAY","General Election 2020 - 11/03/2020",,"State Senator","34",1,"Absentee / Military",36
"AD","ED","County","EDAD Status","Event","Party/Independent Body","Office/Position Title","District Key","VoteFor","Unit Name","Tally","80","046","Bronx","IN-PLAY","General Election 2020 - 11/03/2020",,"State Senator","34",1,"Federal",0
"AD","ED","County","EDAD Status","Event","Party/Independent Body","Office/Position Title","District Key","VoteFor","Unit Name","Tally","80","046","Bronx","IN-PLAY","General Election 2020 - 11/03/2020",,"State Senator","34",1,"Special Presidential",0
"AD","ED","County","EDAD Status","Event","Party/Independent Body","Office/Position Title","District Key","VoteFor","Unit Name","Tally","80","046","Bronx","IN-PLAY","General Election 2020 - 11/03/2020",,"State Senator","34",1,"Affidavit",3
"AD","ED","County","EDAD Status","Event","Party/Independent Body","Office/Position Title","District Key","VoteFor","Unit Name","Tally","80","046","Bronx","IN-PLAY","General Election 2020 - 11/03/2020",,"State Senator","34",1,"Alessandra Biaggi (Democratic)",175
"AD","ED","County","EDAD Status","Event","Party/Independent Body","Office/Position Title","District Key","VoteFor","Unit Name","Tally","80","046","Bronx","IN-PLAY","General Election 2020 - 11/03/2020",,"State Senator","34",1,"James B. Gisondi (Republican)",27
"AD","ED","County","EDAD Status","Event","Party/Independent Body","Office/Position Title","District Key","VoteFor","Unit Name","Tally","80","046","Bronx","IN-PLAY","General Election 2020 - 11/03/2020",,"State Senator","34",1,"Antonio Vitiello (Conservative)",0
"AD","ED","County","EDAD Status","Event","Party/Independent Body","Office/Position Title","District Key","VoteFor","Unit Name","Tally","80","046","Bronx","IN-PLAY","General Election 2020 - 11/03/2020",,"State Senator","34",1,"Alessandra Biaggi (Working Families)",15
"AD","ED","County","EDAD Status","Event","Party/Independent Body","Office/Position Title","District Key","VoteFor","Unit Name","Tally","80","047","Bronx","IN-PLAY","General Election 2020 - 11/03/2020",,"State Senator","34",1,"Public Counter",344
"AD","ED","County","EDAD Status","Event","Party/Independent Body","Office/Position Title","District Key","VoteFor","Unit Name","Tally","80","047","Bronx","IN-PLAY","General Election 2020 - 11/03/2020",,"State Senator","34",1,"Manually Counted Emergency",0
"AD","ED","County","EDAD Status","Event","Party/Independent Body","Office/Position Title","District Key","VoteFor","Unit Name","Tally","80","047","Bronx","IN-PLAY","General Election 2020 - 11/03/2020",,"State Senator","34",1,"Absentee / Military",57
"AD","ED","County","EDAD Status","Event","Party/Independent Body","Office/Position Title","District Key","VoteFor","Unit Name","Tally","80","047","Bronx","IN-PLAY","General Election 2020 - 11/03/2020",,"State Senator","34",1,"Federal",2
"AD","ED","County","EDAD Status","Event","Party/Independent Body","Office/Position Title","District Key","VoteFor","Unit Name","Tally","80","047","Bronx","IN-PLAY","General Election 2020 - 11/03/2020",,"State Senator","34",1,"Special Presidential",0
"AD","ED","County","EDAD Status","Event","Party/Independent Body","Office/Position Title","District Key","VoteFor","Unit Name","Tally","80","047","Bronx","IN-PLAY","General Election 2020 - 11/03/2020",,"State Senator","34",1,"Affidavit",4
"AD","ED","County","EDAD Status","Event","Party/Independent Body","Office/Position Title","District Key","VoteFor","Unit Name","Tally","80","047","Bronx","IN-PLAY","General Election 2020 - 11/03/2020",,"State Senator","34",1,"Alessandra Biaggi (Democratic)",305
"AD","ED","County","EDAD Status","Event","Party/Independent Body","Office/Position Title","District Key","VoteFor","Unit Name","Tally","80","047","Bronx","IN-PLAY","General Election 2020 - 11/03/2020",,"State Senator","34",1,"James B. Gisondi (Republican)",55
"AD","ED","County","EDAD Status","Event","Party/Independent Body","Office/Position Title","District Key","VoteFor","Unit Name","Tally","80","047","Bronx","IN-PLAY","General Election 2020 - 11/03/2020",,"State Senator","34",1,"Antonio Vitiello (Conservative)",2
"AD","ED","County","EDAD Status","Event","Party/Independent Body","Office/Position Title","District Key","VoteFor","Unit Name","Tally","80","047","Bronx","IN-PLAY","General Election 2020 - 11/03/2020",,"State Senator","34",1,"Alessandra Biaggi (Working Families)",25
"AD","ED","County","EDAD Status","Event","Party/Independent Body","Office/Position Title","District Key","VoteFor","Unit Name","Tally","80","048","Bronx","IN-PLAY","General Election 2020 - 11/03/2020",,"State Senator","34",1,"Public Counter",514
"AD","ED","County","EDAD Status","Event","Party/Independent Body","Office/Position Title","District Key","VoteFor","Unit Name","Tally","80","048","Bronx","IN-PLAY","General Election 2020 - 11/03/2020",,"State Senator","34",1,"Manually Counted Emergency",0
"AD","ED","County","EDAD Status","Event","Party/Independent Body","Office/Position Title","District Key","VoteFor","Unit Name","Tally","80","048","Bronx","IN-PLAY","General Election 2020 - 11/03/2020",,"State Senator","34",1,"Absentee / Military",98
"AD","ED","County","EDAD Status","Event","Party/Independent Body","Office/Position Title","District Key","VoteFor","Unit Name","Tally","80","048","Bronx","IN-PLAY","General Election 2020 - 11/03/2020",,"State Senator","34",1,"Federal",0
"AD","ED","County","EDAD Status","Event","Party/Independent Body","Office/Position Title","District Key","VoteFor","Unit Name","Tally","80","048","Bronx","IN-PLAY","General Election 2020 - 11/03/2020",,"State Senator","34",1,"Special Presidential",0
"AD","ED","County","EDAD Status","Event","Party/Independent Body","Office/Position Title","District Key","VoteFor","Unit Name","Tally","80","048","Bronx","IN-PLAY","General Election 2020 - 11/03/2020",,"State Senator","34",1,"Affidavit",12
"AD","ED","County","EDAD Status","Event","Party/Independent Body","Office/Position Title","District Key","VoteFor","Unit Name","Tally","80","048","Bronx","IN-PLAY","General Election 2020 - 11/03/2020",,"State Senator","34",1,"Alessandra Biaggi (Democratic)",473
"AD","ED","County","EDAD Status","Event","Party/Independent Body","Office/Position Title","District Key","VoteFor","Unit Name","Tally","80","048","Bronx","IN-PLAY","General Election 2020 - 11/03/2020",,"State Senator","34",1,"James B. Gisondi (Republican)",64
"AD","ED","County","EDAD Status","Event","Party/Independent Body","Office/Position Title","District Key","VoteFor","Unit Name","Tally","80","048","Bronx","IN-PLAY","General Election 2020 - 11/03/2020",,"State Senator","34",1,"Antonio Vitiello (Conservative)",9
"AD","ED","County","EDAD Status","Event","Party/Independent Body","Office/Position Title","District Key","VoteFor","Unit Name","Tally","80","048","Bronx","IN-PLAY","General Election 2020 - 11/03/2020",,"State Senator","34",1,"Alessandra Biaggi (Working Families)",30
"AD","ED","County","EDAD Status","Event","Party/Independent Body","Office/Position Title","District Key","VoteFor","Unit Name","Tally","80","049","Bronx","IN-PLAY","General Election 2020 - 11/03/2020",,"State Senator","34",1,"Public Counter",0
"AD","ED","County","EDAD Status","Event","Party/Independent Body","Office/Position Title","District Key","VoteFor","Unit Name","Tally","80","049","Bronx","IN-PLAY","General Election 2020 - 11/03/2020",,"State Senator","34",1,"Manually Counted Emergency",0
"AD","ED","County","EDAD Status","Event","Party/Independent Body","Office/Position Title","District Key","VoteFor","Unit Name","Tally","80","049","Bronx","IN-PLAY","General Election 2020 - 11/03/2020",,"State Senator","34",1,"Absentee / Military",25
"AD","ED","County","EDAD Status","Event","Party/Independent Body","Office/Position Title","District Key","VoteFor","Unit Name","Tally","80","049","Bronx","IN-PLAY","General Election 2020 - 11/03/2020",,"State Senator","34",1,"Federal",0
"AD","ED","County","EDAD Status","Event","Party/Independent Body","Office/Position Title","District Key","VoteFor","Unit Name","Tally","80","049","Bronx","IN-PLAY","General Election 2020 - 11/03/2020",,"State Senator","34",1,"Special Presidential",0
"AD","ED","County","EDAD Status","Event","Party/Independent Body","Office/Position Title","District Key","VoteFor","Unit Name","Tally","80","049","Bronx","IN-PLAY","General Election 2020 - 11/03/2020",,"State Senator","34",1,"Affidavit",0
"AD","ED","County","EDAD Status","Event","Party/Independent Body","Office/Position Title","District Key","VoteFor","Unit Name","Tally","80","049","Bronx","IN-PLAY","General Election 2020 - 11/03/2020",,"State Senator","34",1,"Alessandra Biaggi (Democratic)",22
"AD","ED","County","EDAD Status","Event","Party/Independent Body","Office/Position Title","District Key","VoteFor","Unit Name","Tally","80","049","Bronx","IN-PLAY","General Election 2020 - 11/03/2020",,"State Senator","34",1,"James B. Gisondi (Republican)",2
"AD","ED","County","EDAD Status","Event","Party/Independent Body","Office/Position Title","District Key","VoteFor","Unit Name","Tally","80","049","Bronx","IN-PLAY","General Election 2020 - 11/03/2020",,"State Senator","34",1,"Antonio Vitiello (Conservative)",0
"AD","ED","County","EDAD Status","Event","Party/Independent Body","Office/Position Title","District Key","VoteFor","Unit Name","Tally","80","049","Bronx","IN-PLAY","General Election 2020 - 11/03/2020",,"State Senator","34",1,"Alessandra Biaggi (Working Families)",0
"AD","ED","County","EDAD Status","Event","Party/Independent Body","Office/Position Title","District Key","VoteFor","Unit Name","Tally","80","050","Bronx","IN-PLAY","General Election 2020 - 11/03/2020",,"State Senator","34",1,"Public Counter",307
"AD","ED","County","EDAD Status","Event","Party/Independent Body","Office/Position Title","District Key","VoteFor","Unit Name","Tally","80","050","Bronx","IN-PLAY","General Election 2020 - 11/03/2020",,"State Senator","34",1,"Manually Counted Emergency",0
"AD","ED","County","EDAD Status","Event","Party/Independent Body","Office/Position Title","District Key","VoteFor","Unit Name","Tally","80","050","Bronx","IN-PLAY","General Election 2020 - 11/03/2020",,"State Senator","34",1,"Absentee / Military",46
"AD","ED","County","EDAD Status","Event","Party/Independent Body","Office/Position Title","District Key","VoteFor","Unit Name","Tally","80","050","Bronx","IN-PLAY","General Election 2020 - 11/03/2020",,"State Senator","34",1,"Federal",0
"AD","ED","County","EDAD Status","Event","Party/Independent Body","Office/Position Title","District Key","VoteFor","Unit Name","Tally","80","050","Bronx","IN-PLAY","General Election 2020 - 11/03/2020",,"State Senator","34",1,"Special Presidential",0
"AD","ED","County","EDAD Status","Event","Party/Independent Body","Office/Position Title","District Key","VoteFor","Unit Name","Tally","80","050","Bronx","IN-PLAY","General Election 2020 - 11/03/2020",,"State Senator","34",1,"Affidavit",4
"AD","ED","County","EDAD Status","Event","Party/Independent Body","Office/Position Title","District Key","VoteFor","Unit Name","Tally","80","050","Bronx","IN-PLAY","General Election 2020 - 11/03/2020",,"State Senator","34",1,"Alessandra Biaggi (Democratic)",301
"AD","ED","County","EDAD Status","Event","Party/Independent Body","Office/Position Title","District Key","VoteFor","Unit Name","Tally","80","050","Bronx","IN-PLAY","General Election 2020 - 11/03/2020",,"State Senator","34",1,"James B. Gisondi (Republican)",24
"AD","ED","County","EDAD Status","Event","Party/Independent Body","Office/Position Title","District Key","VoteFor","Unit Name","Tally","80","050","Bronx","IN-PLAY","General Election 2020 - 11/03/2020",,"State Senator","34",1,"Antonio Vitiello (Conservative)",2
"AD","ED","County","EDAD Status","Event","Party/Independent Body","Office/Position Title","District Key","VoteFor","Unit Name","Tally","80","050","Bronx","IN-PLAY","General Election 2020 - 11/03/2020",,"State Senator","34",1,"Alessandra Biaggi (Working Families)",16
"AD","ED","County","EDAD Status","Event","Party/Independent Body","Office/Position Title","District Key","VoteFor","Unit Name","Tally","80","051","Bronx","IN-PLAY","General Election 2020 - 11/03/2020",,"State Senator","34",1,"Public Counter",342
"AD","ED","County","EDAD Status","Event","Party/Independent Body","Office/Position Title","District Key","VoteFor","Unit Name","Tally","80","051","Bronx","IN-PLAY","General Election 2020 - 11/03/2020",,"State Senator","34",1,"Manually Counted Emergency",0
"AD","ED","County","EDAD Status","Event","Party/Independent Body","Office/Position Title","District Key","VoteFor","Unit Name","Tally","80","051","Bronx","IN-PLAY","General Election 2020 - 11/03/2020",,"State Senator","34",1,"Absentee / Military",32
"AD","ED","County","EDAD Status","Event","Party/Independent Body","Office/Position Title","District Key","VoteFor","Unit Name","Tally","80","051","Bronx","IN-PLAY","General Election 2020 - 11/03/2020",,"State Senator","34",1,"Federal",4
"AD","ED","County","EDAD Status","Event","Party/Independent Body","Office/Position Title","District Key","VoteFor","Unit Name","Tally","80","051","Bronx","IN-PLAY","General Election 2020 - 11/03/2020",,"State Senator","34",1,"Special Presidential",0
"AD","ED","County","EDAD Status","Event","Party/Independent Body","Office/Position Title","District Key","VoteFor","Unit Name","Tally","80","051","Bronx","IN-PLAY","General Election 2020 - 11/03/2020",,"State Senator","34",1,"Affidavit",5
"AD","ED","County","EDAD Status","Event","Party/Independent Body","Office/Position Title","District Key","VoteFor","Unit Name","Tally","80","051","Bronx","IN-PLAY","General Election 2020 - 11/03/2020",,"State Senator","34",1,"Alessandra Biaggi (Democratic)",250
"AD","ED","County","EDAD Status","Event","Party/Independent Body","Office/Position Title","District Key","VoteFor","Unit Name","Tally","80","051","Bronx","IN-PLAY","General Election 2020 - 11/03/2020",,"State Senator","34",1,"James B. Gisondi (Republican)",82
"AD","ED","County","EDAD Status","Event","Party/Independent Body","Office/Position Title","District Key","VoteFor","Unit Name","Tally","80","051","Bronx","IN-PLAY","General Election 2020 - 11/03/2020",,"State Senator","34",1,"Antonio Vitiello (Conservative)",14
"AD","ED","County","EDAD Status","Event","Party/Independent Body","Office/Position Title","District Key","VoteFor","Unit Name","Tally","80","051","Bronx","IN-PLAY","General Election 2020 - 11/03/2020",,"State Senator","34",1,"Alessandra Biaggi (Working Families)",21
"AD","ED","County","EDAD Status","Event","Party/Independent Body","Office/Position Title","District Key","VoteFor","Unit Name","Tally","80","066","Bronx","IN-PLAY","General Election 2020 - 11/03/2020",,"State Senator","34",1,"Public Counter",184
"AD","ED","County","EDAD Status","Event","Party/Independent Body","Office/Position Title","District Key","VoteFor","Unit Name","Tally","80","066","Bronx","IN-PLAY","General Election 2020 - 11/03/2020",,"State Senator","34",1,"Manually Counted Emergency",0
"AD","ED","County","EDAD Status","Event","Party/Independent Body","Office/Position Title","District Key","VoteFor","Unit Name","Tally","80","066","Bronx","IN-PLAY","General Election 2020 - 11/03/2020",,"State Senator","34",1,"Absentee / Military",145
"AD","ED","County","EDAD Status","Event","Party/Independent Body","Office/Position Title","District Key","VoteFor","Unit Name","Tally","80","066","Bronx","IN-PLAY","General Election 2020 - 11/03/2020",,"State Senator","34",1,"Federal",0
"AD","ED","County","EDAD Status","Event","Party/Independent Body","Office/Position Title","District Key","VoteFor","Unit Name","Tally","80","066","Bronx","IN-PLAY","General Election 2020 - 11/03/2020",,"State Senator","34",1,"Special Presidential",0
"AD","ED","County","EDAD Status","Event","Party/Independent Body","Office/Position Title","District Key","VoteFor","Unit Name","Tally","80","066","Bronx","IN-PLAY","General Election 2020 - 11/03/2020",,"State Senator","34",1,"Affidavit",1
"AD","ED","County","EDAD Status","Event","Party/Independent Body","Office/Position Title","District Key","VoteFor","Unit Name","Tally","80","066","Bronx","IN-PLAY","General Election 2020 - 11/03/2020",,"State Senator","34",1,"Alessandra Biaggi (Democratic)",208
"AD","ED","County","EDAD Status","Event","Party/Independent Body","Office/Position Title","District Key","VoteFor","Unit Name","Tally","80","066","Bronx","IN-PLAY","General Election 2020 - 11/03/2020",,"State Senator","34",1,"James B. Gisondi (Republican)",86
"AD","ED","County","EDAD Status","Event","Party/Independent Body","Office/Position Title","District Key","VoteFor","Unit Name","Tally","80","066","Bronx","IN-PLAY","General Election 2020 - 11/03/2020",,"State Senator","34",1,"Antonio Vitiello (Conservative)",7
"AD","ED","County","EDAD Status","Event","Party/Independent Body","Office/Position Title","District Key","VoteFor","Unit Name","Tally","80","066","Bronx","IN-PLAY","General Election 2020 - 11/03/2020",,"State Senator","34",1,"Alessandra Biaggi (Working Families)",12
"AD","ED","County","EDAD Status","Event","Party/Independent Body","Office/Position Title","District Key","VoteFor","Unit Name","Tally","80","066","Bronx","IN-PLAY","General Election 2020 - 11/03/2020",,"State Senator","34",1,"Scattered",1
"AD","ED","County","EDAD Status","Event","Party/Independent Body","Office/Position Title","District Key","VoteFor","Unit Name","Tally","80","067","Bronx","IN-PLAY","General Election 2020 - 11/03/2020",,"State Senator","34",1,"Public Counter",420
"AD","ED","County","EDAD Status","Event","Party/Independent Body","Office/Position Title","District Key","VoteFor","Unit Name","Tally","80","067","Bronx","IN-PLAY","General Election 2020 - 11/03/2020",,"State Senator","34",1,"Manually Counted Emergency",0
"AD","ED","County","EDAD Status","Event","Party/Independent Body","Office/Position Title","District Key","VoteFor","Unit Name","Tally","80","067","Bronx","IN-PLAY","General Election 2020 - 11/03/2020",,"State Senator","34",1,"Absentee / Military",87
"AD","ED","County","EDAD Status","Event","Party/Independent Body","Office/Position Title","District Key","VoteFor","Unit Name","Tally","80","067","Bronx","IN-PLAY","General Election 2020 - 11/03/2020",,"State Senator","34",1,"Federal",1
"AD","ED","County","EDAD Status","Event","Party/Independent Body","Office/Position Title","District Key","VoteFor","Unit Name","Tally","80","067","Bronx","IN-PLAY","General Election 2020 - 11/03/2020",,"State Senator","34",1,"Special Presidential",0
"AD","ED","County","EDAD Status","Event","Party/Independent Body","Office/Position Title","District Key","VoteFor","Unit Name","Tally","80","067","Bronx","IN-PLAY","General Election 2020 - 11/03/2020",,"State Senator","34",1,"Affidavit",4
"AD","ED","County","EDAD Status","Event","Party/Independent Body","Office/Position Title","District Key","VoteFor","Unit Name","Tally","80","067","Bronx","IN-PLAY","General Election 2020 - 11/03/2020",,"State Senator","34",1,"Alessandra Biaggi (Democratic)",344
"AD","ED","County","EDAD Status","Event","Party/Independent Body","Office/Position Title","District Key","VoteFor","Unit Name","Tally","80","067","Bronx","IN-PLAY","General Election 2020 - 11/03/2020",,"State Senator","34",1,"James B. Gisondi (Republican)",87
"AD","ED","County","EDAD Status","Event","Party/Independent Body","Office/Position Title","District Key","VoteFor","Unit Name","Tally","80","067","Bronx","IN-PLAY","General Election 2020 - 11/03/2020",,"State Senator","34",1,"Antonio Vitiello (Conservative)",13
"AD","ED","County","EDAD Status","Event","Party/Independent Body","Office/Position Title","District Key","VoteFor","Unit Name","Tally","80","067","Bronx","IN-PLAY","General Election 2020 - 11/03/2020",,"State Senator","34",1,"Alessandra Biaggi (Working Families)",41
"AD","ED","County","EDAD Status","Event","Party/Independent Body","Office/Position Title","District Key","VoteFor","Unit Name","Tally","80","068","Bronx","IN-PLAY","General Election 2020 - 11/03/2020",,"State Senator","34",1,"Public Counter",370
"AD","ED","County","EDAD Status","Event","Party/Independent Body","Office/Position Title","District Key","VoteFor","Unit Name","Tally","80","068","Bronx","IN-PLAY","General Election 2020 - 11/03/2020",,"State Senator","34",1,"Manually Counted Emergency",0
"AD","ED","County","EDAD Status","Event","Party/Independent Body","Office/Position Title","District Key","VoteFor","Unit Name","Tally","80","068","Bronx","IN-PLAY","General Election 2020 - 11/03/2020",,"State Senator","34",1,"Absentee / Military",83
"AD","ED","County","EDAD Status","Event","Party/Independent Body","Office/Position Title","District Key","VoteFor","Unit Name","Tally","80","068","Bronx","IN-PLAY","General Election 2020 - 11/03/2020",,"State Senator","34",1,"Federal",2
"AD","ED","County","EDAD Status","Event","Party/Independent Body","Office/Position Title","District Key","VoteFor","Unit Name","Tally","80","068","Bronx","IN-PLAY","General Election 2020 - 11/03/2020",,"State Senator","34",1,"Special Presidential",0
"AD","ED","County","EDAD Status","Event","Party/Independent Body","Office/Position Title","District Key","VoteFor","Unit Name","Tally","80","068","Bronx","IN-PLAY","General Election 2020 - 11/03/2020",,"State Senator","34",1,"Affidavit",1
"AD","ED","County","EDAD Status","Event","Party/Independent Body","Office/Position Title","District Key","VoteFor","Unit Name","Tally","80","068","Bronx","IN-PLAY","General Election 2020 - 11/03/2020",,"State Senator","34",1,"Alessandra Biaggi (Democratic)",307
"AD","ED","County","EDAD Status","Event","Party/Independent Body","Office/Position Title","District Key","VoteFor","Unit Name","Tally","80","068","Bronx","IN-PLAY","General Election 2020 - 11/03/2020",,"State Senator","34",1,"James B. Gisondi (Republican)",93
"AD","ED","County","EDAD Status","Event","Party/Independent Body","Office/Position Title","District Key","VoteFor","Unit Name","Tally","80","068","Bronx","IN-PLAY","General Election 2020 - 11/03/2020",,"State Senator","34",1,"Antonio Vitiello (Conservative)",13
"AD","ED","County","EDAD Status","Event","Party/Independent Body","Office/Position Title","District Key","VoteFor","Unit Name","Tally","80","068","Bronx","IN-PLAY","General Election 2020 - 11/03/2020",,"State Senator","34",1,"Alessandra Biaggi (Working Families)",28
"AD","ED","County","EDAD Status","Event","Party/Independent Body","Office/Position Title","District Key","VoteFor","Unit Name","Tally","80","069","Bronx","IN-PLAY","General Election 2020 - 11/03/2020",,"State Senator","34",1,"Public Counter",170
"AD","ED","County","EDAD Status","Event","Party/Independent Body","Office/Position Title","District Key","VoteFor","Unit Name","Tally","80","069","Bronx","IN-PLAY","General Election 2020 - 11/03/2020",,"State Senator","34",1,"Manually Counted Emergency",0
"AD","ED","County","EDAD Status","Event","Party/Independent Body","Office/Position Title","District Key","VoteFor","Unit Name","Tally","80","069","Bronx","IN-PLAY","General Election 2020 - 11/03/2020",,"State Senator","34",1,"Absentee / Military",31
"AD","ED","County","EDAD Status","Event","Party/Independent Body","Office/Position Title","District Key","VoteFor","Unit Name","Tally","80","069","Bronx","IN-PLAY","General Election 2020 - 11/03/2020",,"State Senator","34",1,"Federal",1
"AD","ED","County","EDAD Status","Event","Party/Independent Body","Office/Position Title","District Key","VoteFor","Unit Name","Tally","80","069","Bronx","IN-PLAY","General Election 2020 - 11/03/2020",,"State Senator","34",1,"Special Presidential",0
"AD","ED","County","EDAD Status","Event","Party/Independent Body","Office/Position Title","District Key","VoteFor","Unit Name","Tally","80","069","Bronx","IN-PLAY","General Election 2020 - 11/03/2020",,"State Senator","34",1,"Affidavit",3
"AD","ED","County","EDAD Status","Event","Party/Independent Body","Office/Position Title","District Key","VoteFor","Unit Name","Tally","80","069","Bronx","IN-PLAY","General Election 2020 - 11/03/2020",,"State Senator","34",1,"Alessandra Biaggi (Democratic)",164
"AD","ED","County","EDAD Status","Event","Party/Independent Body","Office/Position Title","District Key","VoteFor","Unit Name","Tally","80","069","Bronx","IN-PLAY","General Election 2020 - 11/03/2020",,"State Senator","34",1,"James B. Gisondi (Republican)",26
"AD","ED","County","EDAD Status","Event","Party/Independent Body","Office/Position Title","District Key","VoteFor","Unit Name","Tally","80","069","Bronx","IN-PLAY","General Election 2020 - 11/03/2020",,"State Senator","34",1,"Antonio Vitiello (Conservative)",1
"AD","ED","County","EDAD Status","Event","Party/Independent Body","Office/Position Title","District Key","VoteFor","Unit Name","Tally","80","069","Bronx","IN-PLAY","General Election 2020 - 11/03/2020",,"State Senator","34",1,"Alessandra Biaggi (Working Families)",6
"AD","ED","County","EDAD Status","Event","Party/Independent Body","Office/Position Title","District Key","VoteFor","Unit Name","Tally","80","088","Bronx","IN-PLAY","General Election 2020 - 11/03/2020",,"State Senator","34",1,"Public Counter",0
"AD","ED","County","EDAD Status","Event","Party/Independent Body","Office/Position Title","District Key","VoteFor","Unit Name","Tally","80","088","Bronx","IN-PLAY","General Election 2020 - 11/03/2020",,"State Senator","34",1,"Manually Counted Emergency",0
"AD","ED","County","EDAD Status","Event","Party/Independent Body","Office/Position Title","District Key","VoteFor","Unit Name","Tally","80","088","Bronx","IN-PLAY","General Election 2020 - 11/03/2020",,"State Senator","34",1,"Absentee / Military",0
"AD","ED","County","EDAD Status","Event","Party/Independent Body","Office/Position Title","District Key","VoteFor","Unit Name","Tally","80","088","Bronx","IN-PLAY","General Election 2020 - 11/03/2020",,"State Senator","34",1,"Federal",0
"AD","ED","County","EDAD Status","Event","Party/Independent Body","Office/Position Title","District Key","VoteFor","Unit Name","Tally","80","088","Bronx","IN-PLAY","General Election 2020 - 11/03/2020",,"State Senator","34",1,"Special Presidential",0
"AD","ED","County","EDAD Status","Event","Party/Independent Body","Office/Position Title","District Key","VoteFor","Unit Name","Tally","80","088","Bronx","IN-PLAY","General Election 2020 - 11/03/2020",,"State Senator","34",1,"Affidavit",0
"AD","ED","County","EDAD Status","Event","Party/Independent Body","Office/Position Title","District Key","VoteFor","Unit Name","Tally","80","088","Bronx","IN-PLAY","General Election 2020 - 11/03/2020",,"State Senator","34",1,"Alessandra Biaggi (Democratic)",0
"AD","ED","County","EDAD Status","Event","Party/Independent Body","Office/Position Title","District Key","VoteFor","Unit Name","Tally","80","088","Bronx","IN-PLAY","General Election 2020 - 11/03/2020",,"State Senator","34",1,"James B. Gisondi (Republican)",0
"AD","ED","County","EDAD Status","Event","Party/Independent Body","Office/Position Title","District Key","VoteFor","Unit Name","Tally","80","088","Bronx","IN-PLAY","General Election 2020 - 11/03/2020",,"State Senator","34",1,"Antonio Vitiello (Conservative)",0
"AD","ED","County","EDAD Status","Event","Party/Independent Body","Office/Position Title","District Key","VoteFor","Unit Name","Tally","80","088","Bronx","IN-PLAY","General Election 2020 - 11/03/2020",,"State Senator","34",1,"Alessandra Biaggi (Working Families)",0
"AD","ED","County","EDAD Status","Event","Party/Independent Body","Office/Position Title","District Key","VoteFor","Unit Name","Tally","80","089","Bronx","IN-PLAY","General Election 2020 - 11/03/2020",,"State Senator","34",1,"Public Counter",0
"AD","ED","County","EDAD Status","Event","Party/Independent Body","Office/Position Title","District Key","VoteFor","Unit Name","Tally","80","089","Bronx","IN-PLAY","General Election 2020 - 11/03/2020",,"State Senator","34",1,"Manually Counted Emergency",0
"AD","ED","County","EDAD Status","Event","Party/Independent Body","Office/Position Title","District Key","VoteFor","Unit Name","Tally","80","089","Bronx","IN-PLAY","General Election 2020 - 11/03/2020",,"State Senator","34",1,"Absentee / Military",0
"AD","ED","County","EDAD Status","Event","Party/Independent Body","Office/Position Title","District Key","VoteFor","Unit Name","Tally","80","089","Bronx","IN-PLAY","General Election 2020 - 11/03/2020",,"State Senator","34",1,"Federal",0
"AD","ED","County","EDAD Status","Event","Party/Independent Body","Office/Position Title","District Key","VoteFor","Unit Name","Tally","80","089","Bronx","IN-PLAY","General Election 2020 - 11/03/2020",,"State Senator","34",1,"Special Presidential",0
"AD","ED","County","EDAD Status","Event","Party/Independent Body","Office/Position Title","District Key","VoteFor","Unit Name","Tally","80","089","Bronx","IN-PLAY","General Election 2020 - 11/03/2020",,"State Senator","34",1,"Affidavit",0
"AD","ED","County","EDAD Status","Event","Party/Independent Body","Office/Position Title","District Key","VoteFor","Unit Name","Tally","80","089","Bronx","IN-PLAY","General Election 2020 - 11/03/2020",,"State Senator","34",1,"Alessandra Biaggi (Democratic)",0
"AD","ED","County","EDAD Status","Event","Party/Independent Body","Office/Position Title","District Key","VoteFor","Unit Name","Tally","80","089","Bronx","IN-PLAY","General Election 2020 - 11/03/2020",,"State Senator","34",1,"James B. Gisondi (Republican)",0
"AD","ED","County","EDAD Status","Event","Party/Independent Body","Office/Position Title","District Key","VoteFor","Unit Name","Tally","80","089","Bronx","IN-PLAY","General Election 2020 - 11/03/2020",,"State Senator","34",1,"Antonio Vitiello (Conservative)",0
"AD","ED","County","EDAD Status","Event","Party/Independent Body","Office/Position Title","District Key","VoteFor","Unit Name","Tally","80","089","Bronx","IN-PLAY","General Election 2020 - 11/03/2020",,"State Senator","34",1,"Alessandra Biaggi (Working Families)",0
"AD","ED","County","EDAD Status","Event","Party/Independent Body","Office/Position Title","District Key","VoteFor","Unit Name","Tally","80","093","Bronx","IN-PLAY","General Election 2020 - 11/03/2020",,"State Senator","34",1,"Public Counter",325
"AD","ED","County","EDAD Status","Event","Party/Independent Body","Office/Position Title","District Key","VoteFor","Unit Name","Tally","80","093","Bronx","IN-PLAY","General Election 2020 - 11/03/2020",,"State Senator","34",1,"Manually Counted Emergency",0
"AD","ED","County","EDAD Status","Event","Party/Independent Body","Office/Position Title","District Key","VoteFor","Unit Name","Tally","80","093","Bronx","IN-PLAY","General Election 2020 - 11/03/2020",,"State Senator","34",1,"Absentee / Military",67
"AD","ED","County","EDAD Status","Event","Party/Independent Body","Office/Position Title","District Key","VoteFor","Unit Name","Tally","80","093","Bronx","IN-PLAY","General Election 2020 - 11/03/2020",,"State Senator","34",1,"Federal",0
"AD","ED","County","EDAD Status","Event","Party/Independent Body","Office/Position Title","District Key","VoteFor","Unit Name","Tally","80","093","Bronx","IN-PLAY","General Election 2020 - 11/03/2020",,"State Senator","34",1,"Special Presidential",0
"AD","ED","County","EDAD Status","Event","Party/Independent Body","Office/Position Title","District Key","VoteFor","Unit Name","Tally","80","093","Bronx","IN-PLAY","General Election 2020 - 11/03/2020",,"State Senator","34",1,"Affidavit",5
"AD","ED","County","EDAD Status","Event","Party/Independent Body","Office/Position Title","District Key","VoteFor","Unit Name","Tally","80","093","Bronx","IN-PLAY","General Election 2020 - 11/03/2020",,"State Senator","34",1,"Alessandra Biaggi (Democratic)",294
"AD","ED","County","EDAD Status","Event","Party/Independent Body","Office/Position Title","District Key","VoteFor","Unit Name","Tally","80","093","Bronx","IN-PLAY","General Election 2020 - 11/03/2020",,"State Senator","34",1,"James B. Gisondi (Republican)",48
"AD","ED","County","EDAD Status","Event","Party/Independent Body","Office/Position Title","District Key","VoteFor","Unit Name","Tally","80","093","Bronx","IN-PLAY","General Election 2020 - 11/03/2020",,"State Senator","34",1,"Antonio Vitiello (Conservative)",12
"AD","ED","County","EDAD Status","Event","Party/Independent Body","Office/Position Title","District Key","VoteFor","Unit Name","Tally","80","093","Bronx","IN-PLAY","General Election 2020 - 11/03/2020",,"State Senator","34",1,"Alessandra Biaggi (Working Families)",20
"AD","ED","County","EDAD Status","Event","Party/Independent Body","Office/Position Title","District Key","VoteFor","Unit Name","Tally","81","010","Bronx","IN-PLAY","General Election 2020 - 11/03/2020",,"State Senator","34",1,"Public Counter",156
"AD","ED","County","EDAD Status","Event","Party/Independent Body","Office/Position Title","District Key","VoteFor","Unit Name","Tally","81","010","Bronx","IN-PLAY","General Election 2020 - 11/03/2020",,"State Senator","34",1,"Manually Counted Emergency",0
"AD","ED","County","EDAD Status","Event","Party/Independent Body","Office/Position Title","District Key","VoteFor","Unit Name","Tally","81","010","Bronx","IN-PLAY","General Election 2020 - 11/03/2020",,"State Senator","34",1,"Absentee / Military",48
"AD","ED","County","EDAD Status","Event","Party/Independent Body","Office/Position Title","District Key","VoteFor","Unit Name","Tally","81","010","Bronx","IN-PLAY","General Election 2020 - 11/03/2020",,"State Senator","34",1,"Federal",2
"AD","ED","County","EDAD Status","Event","Party/Independent Body","Office/Position Title","District Key","VoteFor","Unit Name","Tally","81","010","Bronx","IN-PLAY","General Election 2020 - 11/03/2020",,"State Senator","34",1,"Special Presidential",0
"AD","ED","County","EDAD Status","Event","Party/Independent Body","Office/Position Title","District Key","VoteFor","Unit Name","Tally","81","010","Bronx","IN-PLAY","General Election 2020 - 11/03/2020",,"State Senator","34",1,"Affidavit",2
"AD","ED","County","EDAD Status","Event","Party/Independent Body","Office/Position Title","District Key","VoteFor","Unit Name","Tally","81","010","Bronx","IN-PLAY","General Election 2020 - 11/03/2020",,"State Senator","34",1,"Alessandra Biaggi (Democratic)",152
"AD","ED","County","EDAD Status","Event","Party/Independent Body","Office/Position Title","District Key","VoteFor","Unit Name","Tally","81","010","Bronx","IN-PLAY","General Election 2020 - 11/03/2020",,"State Senator","34",1,"James B. Gisondi (Republican)",20
"AD","ED","County","EDAD Status","Event","Party/Independent Body","Office/Position Title","District Key","VoteFor","Unit Name","Tally","81","010","Bronx","IN-PLAY","General Election 2020 - 11/03/2020",,"State Senator","34",1,"Antonio Vitiello (Conservative)",2
"AD","ED","County","EDAD Status","Event","Party/Independent Body","Office/Position Title","District Key","VoteFor","Unit Name","Tally","81","010","Bronx","IN-PLAY","General Election 2020 - 11/03/2020",,"State Senator","34",1,"Alessandra Biaggi (Working Families)",22
"AD","ED","County","EDAD Status","Event","Party/Independent Body","Office/Position Title","District Key","VoteFor","Unit Name","Tally","81","012","Bronx","IN-PLAY","General Election 2020 - 11/03/2020",,"State Senator","34",1,"Public Counter",568
"AD","ED","County","EDAD Status","Event","Party/Independent Body","Office/Position Title","District Key","VoteFor","Unit Name","Tally","81","012","Bronx","IN-PLAY","General Election 2020 - 11/03/2020",,"State Senator","34",1,"Manually Counted Emergency",0
"AD","ED","County","EDAD Status","Event","Party/Independent Body","Office/Position Title","District Key","VoteFor","Unit Name","Tally","81","012","Bronx","IN-PLAY","General Election 2020 - 11/03/2020",,"State Senator","34",1,"Absentee / Military",155
"AD","ED","County","EDAD Status","Event","Party/Independent Body","Office/Position Title","District Key","VoteFor","Unit Name","Tally","81","012","Bronx","IN-PLAY","General Election 2020 - 11/03/2020",,"State Senator","34",1,"Federal",4
"AD","ED","County","EDAD Status","Event","Party/Independent Body","Office/Position Title","District Key","VoteFor","Unit Name","Tally","81","012","Bronx","IN-PLAY","General Election 2020 - 11/03/2020",,"State Senator","34",1,"Special Presidential",0
"AD","ED","County","EDAD Status","Event","Party/Independent Body","Office/Position Title","District Key","VoteFor","Unit Name","Tally","81","012","Bronx","IN-PLAY","General Election 2020 - 11/03/2020",,"State Senator","34",1,"Affidavit",5
"AD","ED","County","EDAD Status","Event","Party/Independent Body","Office/Position Title","District Key","VoteFor","Unit Name","Tally","81","012","Bronx","IN-PLAY","General Election 2020 - 11/03/2020",,"State Senator","34",1,"Alessandra Biaggi (Democratic)",524
"AD","ED","County","EDAD Status","Event","Party/Independent Body","Office/Position Title","District Key","VoteFor","Unit Name","Tally","81","012","Bronx","IN-PLAY","General Election 2020 - 11/03/2020",,"State Senator","34",1,"James B. Gisondi (Republican)",83
"AD","ED","County","EDAD Status","Event","Party/Independent Body","Office/Position Title","District Key","VoteFor","Unit Name","Tally","81","012","Bronx","IN-PLAY","General Election 2020 - 11/03/2020",,"State Senator","34",1,"Antonio Vitiello (Conservative)",17
"AD","ED","County","EDAD Status","Event","Party/Independent Body","Office/Position Title","District Key","VoteFor","Unit Name","Tally","81","012","Bronx","IN-PLAY","General Election 2020 - 11/03/2020",,"State Senator","34",1,"Alessandra Biaggi (Working Families)",81
"AD","ED","County","EDAD Status","Event","Party/Independent Body","Office/Position Title","District Key","VoteFor","Unit Name","Tally","81","013","Bronx","IN-PLAY","General Election 2020 - 11/03/2020",,"State Senator","34",1,"Public Counter",248
"AD","ED","County","EDAD Status","Event","Party/Independent Body","Office/Position Title","District Key","VoteFor","Unit Name","Tally","81","013","Bronx","IN-PLAY","General Election 2020 - 11/03/2020",,"State Senator","34",1,"Manually Counted Emergency",0
"AD","ED","County","EDAD Status","Event","Party/Independent Body","Office/Position Title","District Key","VoteFor","Unit Name","Tally","81","013","Bronx","IN-PLAY","General Election 2020 - 11/03/2020",,"State Senator","34",1,"Absentee / Military",61
"AD","ED","County","EDAD Status","Event","Party/Independent Body","Office/Position Title","District Key","VoteFor","Unit Name","Tally","81","013","Bronx","IN-PLAY","General Election 2020 - 11/03/2020",,"State Senator","34",1,"Federal",9
"AD","ED","County","EDAD Status","Event","Party/Independent Body","Office/Position Title","District Key","VoteFor","Unit Name","Tally","81","013","Bronx","IN-PLAY","General Election 2020 - 11/03/2020",,"State Senator","34",1,"Special Presidential",0
"AD","ED","County","EDAD Status","Event","Party/Independent Body","Office/Position Title","District Key","VoteFor","Unit Name","Tally","81","013","Bronx","IN-PLAY","General Election 2020 - 11/03/2020",,"State Senator","34",1,"Affidavit",4
"AD","ED","County","EDAD Status","Event","Party/Independent Body","Office/Position Title","District Key","VoteFor","Unit Name","Tally","81","013","Bronx","IN-PLAY","General Election 2020 - 11/03/2020",,"State Senator","34",1,"Alessandra Biaggi (Democratic)",227
"AD","ED","County","EDAD Status","Event","Party/Independent Body","Office/Position Title","District Key","VoteFor","Unit Name","Tally","81","013","Bronx","IN-PLAY","General Election 2020 - 11/03/2020",,"State Senator","34",1,"James B. Gisondi (Republican)",33
"AD","ED","County","EDAD Status","Event","Party/Independent Body","Office/Position Title","District Key","VoteFor","Unit Name","Tally","81","013","Bronx","IN-PLAY","General Election 2020 - 11/03/2020",,"State Senator","34",1,"Antonio Vitiello (Conservative)",5
"AD","ED","County","EDAD Status","Event","Party/Independent Body","Office/Position Title","District Key","VoteFor","Unit Name","Tally","81","013","Bronx","IN-PLAY","General Election 2020 - 11/03/2020",,"State Senator","34",1,"Alessandra Biaggi (Working Families)",34
"AD","ED","County","EDAD Status","Event","Party/Independent Body","Office/Position Title","District Key","VoteFor","Unit Name","Tally","81","013","Bronx","IN-PLAY","General Election 2020 - 11/03/2020",,"State Senator","34",1,"Scattered",3
"AD","ED","County","EDAD Status","Event","Party/Independent Body","Office/Position Title","District Key","VoteFor","Unit Name","Tally","81","014","Bronx","IN-PLAY","General Election 2020 - 11/03/2020",,"State Senator","34",1,"Public Counter",287
"AD","ED","County","EDAD Status","Event","Party/Independent Body","Office/Position Title","District Key","VoteFor","Unit Name","Tally","81","014","Bronx","IN-PLAY","General Election 2020 - 11/03/2020",,"State Senator","34",1,"Manually Counted Emergency",0
"AD","ED","County","EDAD Status","Event","Party/Independent Body","Office/Position Title","District Key","VoteFor","Unit Name","Tally","81","014","Bronx","IN-PLAY","General Election 2020 - 11/03/2020",,"State Senator","34",1,"Absentee / Military",133
"AD","ED","County","EDAD Status","Event","Party/Independent Body","Office/Position Title","District Key","VoteFor","Unit Name","Tally","81","014","Bronx","IN-PLAY","General Election 2020 - 11/03/2020",,"State Senator","34",1,"Federal",2
"AD","ED","County","EDAD Status","Event","Party/Independent Body","Office/Position Title","District Key","VoteFor","Unit Name","Tally","81","014","Bronx","IN-PLAY","General Election 2020 - 11/03/2020",,"State Senator","34",1,"Special Presidential",0
"AD","ED","County","EDAD Status","Event","Party/Independent Body","Office/Position Title","District Key","VoteFor","Unit Name","Tally","81","014","Bronx","IN-PLAY","General Election 2020 - 11/03/2020",,"State Senator","34",1,"Affidavit",1
"AD","ED","County","EDAD Status","Event","Party/Independent Body","Office/Position Title","District Key","VoteFor","Unit Name","Tally","81","014","Bronx","IN-PLAY","General Election 2020 - 11/03/2020",,"State Senator","34",1,"Alessandra Biaggi (Democratic)",297
"AD","ED","County","EDAD Status","Event","Party/Independent Body","Office/Position Title","District Key","VoteFor","Unit Name","Tally","81","014","Bronx","IN-PLAY","General Election 2020 - 11/03/2020",,"State Senator","34",1,"James B. Gisondi (Republican)",50
"AD","ED","County","EDAD Status","Event","Party/Independent Body","Office/Position Title","District Key","VoteFor","Unit Name","Tally","81","014","Bronx","IN-PLAY","General Election 2020 - 11/03/2020",,"State Senator","34",1,"Antonio Vitiello (Conservative)",10
"AD","ED","County","EDAD Status","Event","Party/Independent Body","Office/Position Title","District Key","VoteFor","Unit Name","Tally","81","014","Bronx","IN-PLAY","General Election 2020 - 11/03/2020",,"State Senator","34",1,"Alessandra Biaggi (Working Families)",53
"AD","ED","County","EDAD Status","Event","Party/Independent Body","Office/Position Title","District Key","VoteFor","Unit Name","Tally","81","015","Bronx","IN-PLAY","General Election 2020 - 11/03/2020",,"State Senator","34",1,"Public Counter",480
"AD","ED","County","EDAD Status","Event","Party/Independent Body","Office/Position Title","District Key","VoteFor","Unit Name","Tally","81","015","Bronx","IN-PLAY","General Election 2020 - 11/03/2020",,"State Senator","34",1,"Manually Counted Emergency",0
"AD","ED","County","EDAD Status","Event","Party/Independent Body","Office/Position Title","District Key","VoteFor","Unit Name","Tally","81","015","Bronx","IN-PLAY","General Election 2020 - 11/03/2020",,"State Senator","34",1,"Absentee / Military",147
"AD","ED","County","EDAD Status","Event","Party/Independent Body","Office/Position Title","District Key","VoteFor","Unit Name","Tally","81","015","Bronx","IN-PLAY","General Election 2020 - 11/03/2020",,"State Senator","34",1,"Federal",3
"AD","ED","County","EDAD Status","Event","Party/Independent Body","Office/Position Title","District Key","VoteFor","Unit Name","Tally","81","015","Bronx","IN-PLAY","General Election 2020 - 11/03/2020",,"State Senator","34",1,"Special Presidential",0
"AD","ED","County","EDAD Status","Event","Party/Independent Body","Office/Position Title","District Key","VoteFor","Unit Name","Tally","81","015","Bronx","IN-PLAY","General Election 2020 - 11/03/2020",,"State Senator","34",1,"Affidavit",9
"AD","ED","County","EDAD Status","Event","Party/Independent Body","Office/Position Title","District Key","VoteFor","Unit Name","Tally","81","015","Bronx","IN-PLAY","General Election 2020 - 11/03/2020",,"State Senator","34",1,"Alessandra Biaggi (Democratic)",419
"AD","ED","County","EDAD Status","Event","Party/Independent Body","Office/Position Title","District Key","VoteFor","Unit Name","Tally","81","015","Bronx","IN-PLAY","General Election 2020 - 11/03/2020",,"State Senator","34",1,"James B. Gisondi (Republican)",82
"AD","ED","County","EDAD Status","Event","Party/Independent Body","Office/Position Title","District Key","VoteFor","Unit Name","Tally","81","015","Bronx","IN-PLAY","General Election 2020 - 11/03/2020",,"State Senator","34",1,"Antonio Vitiello (Conservative)",20
"AD","ED","County","EDAD Status","Event","Party/Independent Body","Office/Position Title","District Key","VoteFor","Unit Name","Tally","81","015","Bronx","IN-PLAY","General Election 2020 - 11/03/2020",,"State Senator","34",1,"Alessandra Biaggi (Working Families)",85
"AD","ED","County","EDAD Status","Event","Party/Independent Body","Office/Position Title","District Key","VoteFor","Unit Name","Tally","81","016","Bronx","COMBINED INTO 010/81","General Election 2020 - 11/03/2020",,"State Senator","34",1,"Public Counter",0
"AD","ED","County","EDAD Status","Event","Party/Independent Body","Office/Position Title","District Key","VoteFor","Unit Name","Tally","81","016","Bronx","COMBINED INTO 010/81","General Election 2020 - 11/03/2020",,"State Senator","34",1,"Manually Counted Emergency",0
"AD","ED","County","EDAD Status","Event","Party/Independent Body","Office/Position Title","District Key","VoteFor","Unit Name","Tally","81","016","Bronx","COMBINED INTO 010/81","General Election 2020 - 11/03/2020",,"State Senator","34",1,"Absentee / Military",0
"AD","ED","County","EDAD Status","Event","Party/Independent Body","Office/Position Title","District Key","VoteFor","Unit Name","Tally","81","016","Bronx","COMBINED INTO 010/81","General Election 2020 - 11/03/2020",,"State Senator","34",1,"Federal",0
"AD","ED","County","EDAD Status","Event","Party/Independent Body","Office/Position Title","District Key","VoteFor","Unit Name","Tally","81","016","Bronx","COMBINED INTO 010/81","General Election 2020 - 11/03/2020",,"State Senator","34",1,"Special Presidential",0
"AD","ED","County","EDAD Status","Event","Party/Independent Body","Office/Position Title","District Key","VoteFor","Unit Name","Tally","81","016","Bronx","COMBINED INTO 010/81","General Election 2020 - 11/03/2020",,"State Senator","34",1,"Affidavit",0
"AD","ED","County","EDAD Status","Event","Party/Independent Body","Office/Position Title","District Key","VoteFor","Unit Name","Tally","81","025","Bronx","IN-PLAY","General Election 2020 - 11/03/2020",,"State Senator","34",1,"Public Counter",314
"AD","ED","County","EDAD Status","Event","Party/Independent Body","Office/Position Title","District Key","VoteFor","Unit Name","Tally","81","025","Bronx","IN-PLAY","General Election 2020 - 11/03/2020",,"State Senator","34",1,"Manually Counted Emergency",0
"AD","ED","County","EDAD Status","Event","Party/Independent Body","Office/Position Title","District Key","VoteFor","Unit Name","Tally","81","025","Bronx","IN-PLAY","General Election 2020 - 11/03/2020",,"State Senator","34",1,"Absentee / Military",58
"AD","ED","County","EDAD Status","Event","Party/Independent Body","Office/Position Title","District Key","VoteFor","Unit Name","Tally","81","025","Bronx","IN-PLAY","General Election 2020 - 11/03/2020",,"State Senator","34",1,"Federal",1
"AD","ED","County","EDAD Status","Event","Party/Independent Body","Office/Position Title","District Key","VoteFor","Unit Name","Tally","81","025","Bronx","IN-PLAY","General Election 2020 - 11/03/2020",,"State Senator","34",1,"Special Presidential",0
"AD","ED","County","EDAD Status","Event","Party/Independent Body","Office/Position Title","District Key","VoteFor","Unit Name","Tally","81","025","Bronx","IN-PLAY","General Election 2020 - 11/03/2020",,"State Senator","34",1,"Affidavit",5
"AD","ED","County","EDAD Status","Event","Party/Independent Body","Office/Position Title","District Key","VoteFor","Unit Name","Tally","81","025","Bronx","IN-PLAY","General Election 2020 - 11/03/2020",,"State Senator","34",1,"Alessandra Biaggi (Democratic)",180
"AD","ED","County","EDAD Status","Event","Party/Independent Body","Office/Position Title","District Key","VoteFor","Unit Name","Tally","81","025","Bronx","IN-PLAY","General Election 2020 - 11/03/2020",,"State Senator","34",1,"James B. Gisondi (Republican)",117
"AD","ED","County","EDAD Status","Event","Party/Independent Body","Office/Position Title","District Key","VoteFor","Unit Name","Tally","81","025","Bronx","IN-PLAY","General Election 2020 - 11/03/2020",,"State Senator","34",1,"Antonio Vitiello (Conservative)",29
"AD","ED","County","EDAD Status","Event","Party/Independent Body","Office/Position Title","District Key","VoteFor","Unit Name","Tally","81","025","Bronx","IN-PLAY","General Election 2020 - 11/03/2020",,"State Senator","34",1,"Alessandra Biaggi (Working Families)",31
"AD","ED","County","EDAD Status","Event","Party/Independent Body","Office/Position Title","District Key","VoteFor","Unit Name","Tally","81","026","Bronx","IN-PLAY","General Election 2020 - 11/03/2020",,"State Senator","34",1,"Public Counter",244
"AD","ED","County","EDAD Status","Event","Party/Independent Body","Office/Position Title","District Key","VoteFor","Unit Name","Tally","81","026","Bronx","IN-PLAY","General Election 2020 - 11/03/2020",,"State Senator","34",1,"Manually Counted Emergency",0
"AD","ED","County","EDAD Status","Event","Party/Independent Body","Office/Position Title","District Key","VoteFor","Unit Name","Tally","81","026","Bronx","IN-PLAY","General Election 2020 - 11/03/2020",,"State Senator","34",1,"Absentee / Military",70
"AD","ED","County","EDAD Status","Event","Party/Independent Body","Office/Position Title","District Key","VoteFor","Unit Name","Tally","81","026","Bronx","IN-PLAY","General Election 2020 - 11/03/2020",,"State Senator","34",1,"Federal",2
"AD","ED","County","EDAD Status","Event","Party/Independent Body","Office/Position Title","District Key","VoteFor","Unit Name","Tally","81","026","Bronx","IN-PLAY","General Election 2020 - 11/03/2020",,"State Senator","34",1,"Special Presidential",0
"AD","ED","County","EDAD Status","Event","Party/Independent Body","Office/Position Title","District Key","VoteFor","Unit Name","Tally","81","026","Bronx","IN-PLAY","General Election 2020 - 11/03/2020",,"State Senator","34",1,"Affidavit",3
"AD","ED","County","EDAD Status","Event","Party/Independent Body","Office/Position Title","District Key","VoteFor","Unit Name","Tally","81","026","Bronx","IN-PLAY","General Election 2020 - 11/03/2020",,"State Senator","34",1,"Alessandra Biaggi (Democratic)",190
"AD","ED","County","EDAD Status","Event","Party/Independent Body","Office/Position Title","District Key","VoteFor","Unit Name","Tally","81","026","Bronx","IN-PLAY","General Election 2020 - 11/03/2020",,"State Senator","34",1,"James B. Gisondi (Republican)",63
"AD","ED","County","EDAD Status","Event","Party/Independent Body","Office/Position Title","District Key","VoteFor","Unit Name","Tally","81","026","Bronx","IN-PLAY","General Election 2020 - 11/03/2020",,"State Senator","34",1,"Antonio Vitiello (Conservative)",16
"AD","ED","County","EDAD Status","Event","Party/Independent Body","Office/Position Title","District Key","VoteFor","Unit Name","Tally","81","026","Bronx","IN-PLAY","General Election 2020 - 11/03/2020",,"State Senator","34",1,"Alessandra Biaggi (Working Families)",31
"AD","ED","County","EDAD Status","Event","Party/Independent Body","Office/Position Title","District Key","VoteFor","Unit Name","Tally","81","027","Bronx","IN-PLAY","General Election 2020 - 11/03/2020",,"State Senator","34",1,"Public Counter",362
"AD","ED","County","EDAD Status","Event","Party/Independent Body","Office/Position Title","District Key","VoteFor","Unit Name","Tally","81","027","Bronx","IN-PLAY","General Election 2020 - 11/03/2020",,"State Senator","34",1,"Manually Counted Emergency",0
"AD","ED","County","EDAD Status","Event","Party/Independent Body","Office/Position Title","District Key","VoteFor","Unit Name","Tally","81","027","Bronx","IN-PLAY","General Election 2020 - 11/03/2020",,"State Senator","34",1,"Absentee / Military",53
"AD","ED","County","EDAD Status","Event","Party/Independent Body","Office/Position Title","District Key","VoteFor","Unit Name","Tally","81","027","Bronx","IN-PLAY","General Election 2020 - 11/03/2020",,"State Senator","34",1,"Federal",3
"AD","ED","County","EDAD Status","Event","Party/Independent Body","Office/Position Title","District Key","VoteFor","Unit Name","Tally","81","027","Bronx","IN-PLAY","General Election 2020 - 11/03/2020",,"State Senator","34",1,"Special Presidential",0
"AD","ED","County","EDAD Status","Event","Party/Independent Body","Office/Position Title","District Key","VoteFor","Unit Name","Tally","81","027","Bronx","IN-PLAY","General Election 2020 - 11/03/2020",,"State Senator","34",1,"Affidavit",2
"AD","ED","County","EDAD Status","Event","Party/Independent Body","Office/Position Title","District Key","VoteFor","Unit Name","Tally","81","027","Bronx","IN-PLAY","General Election 2020 - 11/03/2020",,"State Senator","34",1,"Alessandra Biaggi (Democratic)",197
"AD","ED","County","EDAD Status","Event","Party/Independent Body","Office/Position Title","District Key","VoteFor","Unit Name","Tally","81","027","Bronx","IN-PLAY","General Election 2020 - 11/03/2020",,"State Senator","34",1,"James B. Gisondi (Republican)",131
"AD","ED","County","EDAD Status","Event","Party/Independent Body","Office/Position Title","District Key","VoteFor","Unit Name","Tally","81","027","Bronx","IN-PLAY","General Election 2020 - 11/03/2020",,"State Senator","34",1,"Antonio Vitiello (Conservative)",46
"AD","ED","County","EDAD Status","Event","Party/Independent Body","Office/Position Title","District Key","VoteFor","Unit Name","Tally","81","027","Bronx","IN-PLAY","General Election 2020 - 11/03/2020",,"State Senator","34",1,"Alessandra Biaggi (Working Families)",32
"AD","ED","County","EDAD Status","Event","Party/Independent Body","Office/Position Title","District Key","VoteFor","Unit Name","Tally","81","027","Bronx","IN-PLAY","General Election 2020 - 11/03/2020",,"State Senator","34",1,"Scattered",1
"AD","ED","County","EDAD Status","Event","Party/Independent Body","Office/Position Title","District Key","VoteFor","Unit Name","Tally","81","028","Bronx","IN-PLAY","General Election 2020 - 11/03/2020",,"State Senator","34",1,"Public Counter",337
"AD","ED","County","EDAD Status","Event","Party/Independent Body","Office/Position Title","District Key","VoteFor","Unit Name","Tally","81","028","Bronx","IN-PLAY","General Election 2020 - 11/03/2020",,"State Senator","34",1,"Manually Counted Emergency",0
"AD","ED","County","EDAD Status","Event","Party/Independent Body","Office/Position Title","District Key","VoteFor","Unit Name","Tally","81","028","Bronx","IN-PLAY","General Election 2020 - 11/03/2020",,"State Senator","34",1,"Absentee / Military",76
"AD","ED","County","EDAD Status","Event","Party/Independent Body","Office/Position Title","District Key","VoteFor","Unit Name","Tally","81","028","Bronx","IN-PLAY","General Election 2020 - 11/03/2020",,"State Senator","34",1,"Federal",7
"AD","ED","County","EDAD Status","Event","Party/Independent Body","Office/Position Title","District Key","VoteFor","Unit Name","Tally","81","028","Bronx","IN-PLAY","General Election 2020 - 11/03/2020",,"State Senator","34",1,"Special Presidential",0
"AD","ED","County","EDAD Status","Event","Party/Independent Body","Office/Position Title","District Key","VoteFor","Unit Name","Tally","81","028","Bronx","IN-PLAY","General Election 2020 - 11/03/2020",,"State Senator","34",1,"Affidavit",6
"AD","ED","County","EDAD Status","Event","Party/Independent Body","Office/Position Title","District Key","VoteFor","Unit Name","Tally","81","028","Bronx","IN-PLAY","General Election 2020 - 11/03/2020",,"State Senator","34",1,"Alessandra Biaggi (Democratic)",198
"AD","ED","County","EDAD Status","Event","Party/Independent Body","Office/Position Title","District Key","VoteFor","Unit Name","Tally","81","028","Bronx","IN-PLAY","General Election 2020 - 11/03/2020",,"State Senator","34",1,"James B. Gisondi (Republican)",133
"AD","ED","County","EDAD Status","Event","Party/Independent Body","Office/Position Title","District Key","VoteFor","Unit Name","Tally","81","028","Bronx","IN-PLAY","General Election 2020 - 11/03/2020",,"State Senator","34",1,"Antonio Vitiello (Conservative)",32
"AD","ED","County","EDAD Status","Event","Party/Independent Body","Office/Position Title","District Key","VoteFor","Unit Name","Tally","81","028","Bronx","IN-PLAY","General Election 2020 - 11/03/2020",,"State Senator","34",1,"Alessandra Biaggi (Working Families)",45
"AD","ED","County","EDAD Status","Event","Party/Independent Body","Office/Position Title","District Key","VoteFor","Unit Name","Tally","81","029","Bronx","IN-PLAY","General Election 2020 - 11/03/2020",,"State Senator","34",1,"Public Counter",245
"AD","ED","County","EDAD Status","Event","Party/Independent Body","Office/Position Title","District Key","VoteFor","Unit Name","Tally","81","029","Bronx","IN-PLAY","General Election 2020 - 11/03/2020",,"State Senator","34",1,"Manually Counted Emergency",0
"AD","ED","County","EDAD Status","Event","Party/Independent Body","Office/Position Title","District Key","VoteFor","Unit Name","Tally","81","029","Bronx","IN-PLAY","General Election 2020 - 11/03/2020",,"State Senator","34",1,"Absentee / Military",66
"AD","ED","County","EDAD Status","Event","Party/Independent Body","Office/Position Title","District Key","VoteFor","Unit Name","Tally","81","029","Bronx","IN-PLAY","General Election 2020 - 11/03/2020",,"State Senator","34",1,"Federal",2
"AD","ED","County","EDAD Status","Event","Party/Independent Body","Office/Position Title","District Key","VoteFor","Unit Name","Tally","81","029","Bronx","IN-PLAY","General Election 2020 - 11/03/2020",,"State Senator","34",1,"Special Presidential",0
"AD","ED","County","EDAD Status","Event","Party/Independent Body","Office/Position Title","District Key","VoteFor","Unit Name","Tally","81","029","Bronx","IN-PLAY","General Election 2020 - 11/03/2020",,"State Senator","34",1,"Affidavit",5
"AD","ED","County","EDAD Status","Event","Party/Independent Body","Office/Position Title","District Key","VoteFor","Unit Name","Tally","81","029","Bronx","IN-PLAY","General Election 2020 - 11/03/2020",,"State Senator","34",1,"Alessandra Biaggi (Democratic)",151
"AD","ED","County","EDAD Status","Event","Party/Independent Body","Office/Position Title","District Key","VoteFor","Unit Name","Tally","81","029","Bronx","IN-PLAY","General Election 2020 - 11/03/2020",,"State Senator","34",1,"James B. Gisondi (Republican)",104
"AD","ED","County","EDAD Status","Event","Party/Independent Body","Office/Position Title","District Key","VoteFor","Unit Name","Tally","81","029","Bronx","IN-PLAY","General Election 2020 - 11/03/2020",,"State Senator","34",1,"Antonio Vitiello (Conservative)",25
"AD","ED","County","EDAD Status","Event","Party/Independent Body","Office/Position Title","District Key","VoteFor","Unit Name","Tally","81","029","Bronx","IN-PLAY","General Election 2020 - 11/03/2020",,"State Senator","34",1,"Alessandra Biaggi (Working Families)",18
"AD","ED","County","EDAD Status","Event","Party/Independent Body","Office/Position Title","District Key","VoteFor","Unit Name","Tally","81","030","Bronx","IN-PLAY","General Election 2020 - 11/03/2020",,"State Senator","34",1,"Public Counter",426
"AD","ED","County","EDAD Status","Event","Party/Independent Body","Office/Position Title","District Key","VoteFor","Unit Name","Tally","81","030","Bronx","IN-PLAY","General Election 2020 - 11/03/2020",,"State Senator","34",1,"Manually Counted Emergency",0
"AD","ED","County","EDAD Status","Event","Party/Independent Body","Office/Position Title","District Key","VoteFor","Unit Name","Tally","81","030","Bronx","IN-PLAY","General Election 2020 - 11/03/2020",,"State Senator","34",1,"Absentee / Military",60
"AD","ED","County","EDAD Status","Event","Party/Independent Body","Office/Position Title","District Key","VoteFor","Unit Name","Tally","81","030","Bronx","IN-PLAY","General Election 2020 - 11/03/2020",,"State Senator","34",1,"Federal",8
"AD","ED","County","EDAD Status","Event","Party/Independent Body","Office/Position Title","District Key","VoteFor","Unit Name","Tally","81","030","Bronx","IN-PLAY","General Election 2020 - 11/03/2020",,"State Senator","34",1,"Special Presidential",0
"AD","ED","County","EDAD Status","Event","Party/Independent Body","Office/Position Title","District Key","VoteFor","Unit Name","Tally","81","030","Bronx","IN-PLAY","General Election 2020 - 11/03/2020",,"State Senator","34",1,"Affidavit",7
"AD","ED","County","EDAD Status","Event","Party/Independent Body","Office/Position Title","District Key","VoteFor","Unit Name","Tally","81","030","Bronx","IN-PLAY","General Election 2020 - 11/03/2020",,"State Senator","34",1,"Alessandra Biaggi (Democratic)",203
"AD","ED","County","EDAD Status","Event","Party/Independent Body","Office/Position Title","District Key","VoteFor","Unit Name","Tally","81","030","Bronx","IN-PLAY","General Election 2020 - 11/03/2020",,"State Senator","34",1,"James B. Gisondi (Republican)",172
"AD","ED","County","EDAD Status","Event","Party/Independent Body","Office/Position Title","District Key","VoteFor","Unit Name","Tally","81","030","Bronx","IN-PLAY","General Election 2020 - 11/03/2020",,"State Senator","34",1,"Antonio Vitiello (Conservative)",59
"AD","ED","County","EDAD Status","Event","Party/Independent Body","Office/Position Title","District Key","VoteFor","Unit Name","Tally","81","030","Bronx","IN-PLAY","General Election 2020 - 11/03/2020",,"State Senator","34",1,"Alessandra Biaggi (Working Families)",32
"AD","ED","County","EDAD Status","Event","Party/Independent Body","Office/Position Title","District Key","VoteFor","Unit Name","Tally","81","030","Bronx","IN-PLAY","General Election 2020 - 11/03/2020",,"State Senator","34",1,"Scattered",1
"AD","ED","County","EDAD Status","Event","Party/Independent Body","Office/Position Title","District Key","VoteFor","Unit Name","Tally","81","031","Bronx","IN-PLAY","General Election 2020 - 11/03/2020",,"State Senator","34",1,"Public Counter",321
"AD","ED","County","EDAD Status","Event","Party/Independent Body","Office/Position Title","District Key","VoteFor","Unit Name","Tally","81","031","Bronx","IN-PLAY","General Election 2020 - 11/03/2020",,"State Senator","34",1,"Manually Counted Emergency",0
"AD","ED","County","EDAD Status","Event","Party/Independent Body","Office/Position Title","District Key","VoteFor","Unit Name","Tally","81","031","Bronx","IN-PLAY","General Election 2020 - 11/03/2020",,"State Senator","34",1,"Absentee / Military",41
"AD","ED","County","EDAD Status","Event","Party/Independent Body","Office/Position Title","District Key","VoteFor","Unit Name","Tally","81","031","Bronx","IN-PLAY","General Election 2020 - 11/03/2020",,"State Senator","34",1,"Federal",7
"AD","ED","County","EDAD Status","Event","Party/Independent Body","Office/Position Title","District Key","VoteFor","Unit Name","Tally","81","031","Bronx","IN-PLAY","General Election 2020 - 11/03/2020",,"State Senator","34",1,"Special Presidential",0
"AD","ED","County","EDAD Status","Event","Party/Independent Body","Office/Position Title","District Key","VoteFor","Unit Name","Tally","81","031","Bronx","IN-PLAY","General Election 2020 - 11/03/2020",,"State Senator","34",1,"Affidavit",3
"AD","ED","County","EDAD Status","Event","Party/Independent Body","Office/Position Title","District Key","VoteFor","Unit Name","Tally","81","031","Bronx","IN-PLAY","General Election 2020 - 11/03/2020",,"State Senator","34",1,"Alessandra Biaggi (Democratic)",154
"AD","ED","County","EDAD Status","Event","Party/Independent Body","Office/Position Title","District Key","VoteFor","Unit Name","Tally","81","031","Bronx","IN-PLAY","General Election 2020 - 11/03/2020",,"State Senator","34",1,"James B. Gisondi (Republican)",149
"AD","ED","County","EDAD Status","Event","Party/Independent Body","Office/Position Title","District Key","VoteFor","Unit Name","Tally","81","031","Bronx","IN-PLAY","General Election 2020 - 11/03/2020",,"State Senator","34",1,"Antonio Vitiello (Conservative)",31
"AD","ED","County","EDAD Status","Event","Party/Independent Body","Office/Position Title","District Key","VoteFor","Unit Name","Tally","81","031","Bronx","IN-PLAY","General Election 2020 - 11/03/2020",,"State Senator","34",1,"Alessandra Biaggi (Working Families)",22
"AD","ED","County","EDAD Status","Event","Party/Independent Body","Office/Position Title","District Key","VoteFor","Unit Name","Tally","81","032","Bronx","IN-PLAY","General Election 2020 - 11/03/2020",,"State Senator","34",1,"Public Counter",302
"AD","ED","County","EDAD Status","Event","Party/Independent Body","Office/Position Title","District Key","VoteFor","Unit Name","Tally","81","032","Bronx","IN-PLAY","General Election 2020 - 11/03/2020",,"State Senator","34",1,"Manually Counted Emergency",0
"AD","ED","County","EDAD Status","Event","Party/Independent Body","Office/Position Title","District Key","VoteFor","Unit Name","Tally","81","032","Bronx","IN-PLAY","General Election 2020 - 11/03/2020",,"State Senator","34",1,"Absentee / Military",68
"AD","ED","County","EDAD Status","Event","Party/Independent Body","Office/Position Title","District Key","VoteFor","Unit Name","Tally","81","032","Bronx","IN-PLAY","General Election 2020 - 11/03/2020",,"State Senator","34",1,"Federal",2
"AD","ED","County","EDAD Status","Event","Party/Independent Body","Office/Position Title","District Key","VoteFor","Unit Name","Tally","81","032","Bronx","IN-PLAY","General Election 2020 - 11/03/2020",,"State Senator","34",1,"Special Presidential",0
"AD","ED","County","EDAD Status","Event","Party/Independent Body","Office/Position Title","District Key","VoteFor","Unit Name","Tally","81","032","Bronx","IN-PLAY","General Election 2020 - 11/03/2020",,"State Senator","34",1,"Affidavit",2
"AD","ED","County","EDAD Status","Event","Party/Independent Body","Office/Position Title","District Key","VoteFor","Unit Name","Tally","81","032","Bronx","IN-PLAY","General Election 2020 - 11/03/2020",,"State Senator","34",1,"Alessandra Biaggi (Democratic)",181
"AD","ED","County","EDAD Status","Event","Party/Independent Body","Office/Position Title","District Key","VoteFor","Unit Name","Tally","81","032","Bronx","IN-PLAY","General Election 2020 - 11/03/2020",,"State Senator","34",1,"James B. Gisondi (Republican)",115
"AD","ED","County","EDAD Status","Event","Party/Independent Body","Office/Position Title","District Key","VoteFor","Unit Name","Tally","81","032","Bronx","IN-PLAY","General Election 2020 - 11/03/2020",,"State Senator","34",1,"Antonio Vitiello (Conservative)",32
"AD","ED","County","EDAD Status","Event","Party/Independent Body","Office/Position Title","District Key","VoteFor","Unit Name","Tally","81","032","Bronx","IN-PLAY","General Election 2020 - 11/03/2020",,"State Senator","34",1,"Alessandra Biaggi (Working Families)",24
"AD","ED","County","EDAD Status","Event","Party/Independent Body","Office/Position Title","District Key","VoteFor","Unit Name","Tally","81","033","Bronx","IN-PLAY","General Election 2020 - 11/03/2020",,"State Senator","34",1,"Public Counter",417
"AD","ED","County","EDAD Status","Event","Party/Independent Body","Office/Position Title","District Key","VoteFor","Unit Name","Tally","81","033","Bronx","IN-PLAY","General Election 2020 - 11/03/2020",,"State Senator","34",1,"Manually Counted Emergency",0
"AD","ED","County","EDAD Status","Event","Party/Independent Body","Office/Position Title","District Key","VoteFor","Unit Name","Tally","81","033","Bronx","IN-PLAY","General Election 2020 - 11/03/2020",,"State Senator","34",1,"Absentee / Military",88
"AD","ED","County","EDAD Status","Event","Party/Independent Body","Office/Position Title","District Key","VoteFor","Unit Name","Tally","81","033","Bronx","IN-PLAY","General Election 2020 - 11/03/2020",,"State Senator","34",1,"Federal",5
"AD","ED","County","EDAD Status","Event","Party/Independent Body","Office/Position Title","District Key","VoteFor","Unit Name","Tally","81","033","Bronx","IN-PLAY","General Election 2020 - 11/03/2020",,"State Senator","34",1,"Special Presidential",0
"AD","ED","County","EDAD Status","Event","Party/Independent Body","Office/Position Title","District Key","VoteFor","Unit Name","Tally","81","033","Bronx","IN-PLAY","General Election 2020 - 11/03/2020",,"State Senator","34",1,"Affidavit",7
"AD","ED","County","EDAD Status","Event","Party/Independent Body","Office/Position Title","District Key","VoteFor","Unit Name","Tally","81","033","Bronx","IN-PLAY","General Election 2020 - 11/03/2020",,"State Senator","34",1,"Alessandra Biaggi (Democratic)",331
"AD","ED","County","EDAD Status","Event","Party/Independent Body","Office/Position Title","District Key","VoteFor","Unit Name","Tally","81","033","Bronx","IN-PLAY","General Election 2020 - 11/03/2020",,"State Senator","34",1,"James B. Gisondi (Republican)",79
"AD","ED","County","EDAD Status","Event","Party/Independent Body","Office/Position Title","District Key","VoteFor","Unit Name","Tally","81","033","Bronx","IN-PLAY","General Election 2020 - 11/03/2020",,"State Senator","34",1,"Antonio Vitiello (Conservative)",7
"AD","ED","County","EDAD Status","Event","Party/Independent Body","Office/Position Title","District Key","VoteFor","Unit Name","Tally","81","033","Bronx","IN-PLAY","General Election 2020 - 11/03/2020",,"State Senator","34",1,"Alessandra Biaggi (Working Families)",67
"AD","ED","County","EDAD Status","Event","Party/Independent Body","Office/Position Title","District Key","VoteFor","Unit Name","Tally","81","034","Bronx","IN-PLAY","General Election 2020 - 11/03/2020",,"State Senator","34",1,"Public Counter",475
"AD","ED","County","EDAD Status","Event","Party/Independent Body","Office/Position Title","District Key","VoteFor","Unit Name","Tally","81","034","Bronx","IN-PLAY","General Election 2020 - 11/03/2020",,"State Senator","34",1,"Manually Counted Emergency",0
"AD","ED","County","EDAD Status","Event","Party/Independent Body","Office/Position Title","District Key","VoteFor","Unit Name","Tally","81","034","Bronx","IN-PLAY","General Election 2020 - 11/03/2020",,"State Senator","34",1,"Absentee / Military",124
"AD","ED","County","EDAD Status","Event","Party/Independent Body","Office/Position Title","District Key","VoteFor","Unit Name","Tally","81","034","Bronx","IN-PLAY","General Election 2020 - 11/03/2020",,"State Senator","34",1,"Federal",8
"AD","ED","County","EDAD Status","Event","Party/Independent Body","Office/Position Title","District Key","VoteFor","Unit Name","Tally","81","034","Bronx","IN-PLAY","General Election 2020 - 11/03/2020",,"State Senator","34",1,"Special Presidential",0
"AD","ED","County","EDAD Status","Event","Party/Independent Body","Office/Position Title","District Key","VoteFor","Unit Name","Tally","81","034","Bronx","IN-PLAY","General Election 2020 - 11/03/2020",,"State Senator","34",1,"Affidavit",7
"AD","ED","County","EDAD Status","Event","Party/Independent Body","Office/Position Title","District Key","VoteFor","Unit Name","Tally","81","034","Bronx","IN-PLAY","General Election 2020 - 11/03/2020",,"State Senator","34",1,"Alessandra Biaggi (Democratic)",421
"AD","ED","County","EDAD Status","Event","Party/Independent Body","Office/Position Title","District Key","VoteFor","Unit Name","Tally","81","034","Bronx","IN-PLAY","General Election 2020 - 11/03/2020",,"State Senator","34",1,"James B. Gisondi (Republican)",82
"AD","ED","County","EDAD Status","Event","Party/Independent Body","Office/Position Title","District Key","VoteFor","Unit Name","Tally","81","034","Bronx","IN-PLAY","General Election 2020 - 11/03/2020",,"State Senator","34",1,"Antonio Vitiello (Conservative)",14
"AD","ED","County","EDAD Status","Event","Party/Independent Body","Office/Position Title","District Key","VoteFor","Unit Name","Tally","81","034","Bronx","IN-PLAY","General Election 2020 - 11/03/2020",,"State Senator","34",1,"Alessandra Biaggi (Working Families)",68
"AD","ED","County","EDAD Status","Event","Party/Independent Body","Office/Position Title","District Key","VoteFor","Unit Name","Tally","81","035","Bronx","IN-PLAY","General Election 2020 - 11/03/2020",,"State Senator","34",1,"Public Counter",576
"AD","ED","County","EDAD Status","Event","Party/Independent Body","Office/Position Title","District Key","VoteFor","Unit Name","Tally","81","035","Bronx","IN-PLAY","General Election 2020 - 11/03/2020",,"State Senator","34",1,"Manually Counted Emergency",0
"AD","ED","County","EDAD Status","Event","Party/Independent Body","Office/Position Title","District Key","VoteFor","Unit Name","Tally","81","035","Bronx","IN-PLAY","General Election 2020 - 11/03/2020",,"State Senator","34",1,"Absentee / Military",169
"AD","ED","County","EDAD Status","Event","Party/Independent Body","Office/Position Title","District Key","VoteFor","Unit Name","Tally","81","035","Bronx","IN-PLAY","General Election 2020 - 11/03/2020",,"State Senator","34",1,"Federal",8
"AD","ED","County","EDAD Status","Event","Party/Independent Body","Office/Position Title","District Key","VoteFor","Unit Name","Tally","81","035","Bronx","IN-PLAY","General Election 2020 - 11/03/2020",,"State Senator","34",1,"Special Presidential",0
"AD","ED","County","EDAD Status","Event","Party/Independent Body","Office/Position Title","District Key","VoteFor","Unit Name","Tally","81","035","Bronx","IN-PLAY","General Election 2020 - 11/03/2020",,"State Senator","34",1,"Affidavit",7
"AD","ED","County","EDAD Status","Event","Party/Independent Body","Office/Position Title","District Key","VoteFor","Unit Name","Tally","81","035","Bronx","IN-PLAY","General Election 2020 - 11/03/2020",,"State Senator","34",1,"Alessandra Biaggi (Democratic)",491
"AD","ED","County","EDAD Status","Event","Party/Independent Body","Office/Position Title","District Key","VoteFor","Unit Name","Tally","81","035","Bronx","IN-PLAY","General Election 2020 - 11/03/2020",,"State Senator","34",1,"James B. Gisondi (Republican)",126
"AD","ED","County","EDAD Status","Event","Party/Independent Body","Office/Position Title","District Key","VoteFor","Unit Name","Tally","81","035","Bronx","IN-PLAY","General Election 2020 - 11/03/2020",,"State Senator","34",1,"Antonio Vitiello (Conservative)",12
"AD","ED","County","EDAD Status","Event","Party/Independent Body","Office/Position Title","District Key","VoteFor","Unit Name","Tally","81","035","Bronx","IN-PLAY","General Election 2020 - 11/03/2020",,"State Senator","34",1,"Alessandra Biaggi (Working Families)",79
"AD","ED","County","EDAD Status","Event","Party/Independent Body","Office/Position Title","District Key","VoteFor","Unit Name","Tally","81","035","Bronx","IN-PLAY","General Election 2020 - 11/03/2020",,"State Senator","34",1,"Scattered",2
"AD","ED","County","EDAD Status","Event","Party/Independent Body","Office/Position Title","District Key","VoteFor","Unit Name","Tally","81","036","Bronx","IN-PLAY","General Election 2020 - 11/03/2020",,"State Senator","34",1,"Public Counter",427
"AD","ED","County","EDAD Status","Event","Party/Independent Body","Office/Position Title","District Key","VoteFor","Unit Name","Tally","81","036","Bronx","IN-PLAY","General Election 2020 - 11/03/2020",,"State Senator","34",1,"Manually Counted Emergency",0
"AD","ED","County","EDAD Status","Event","Party/Independent Body","Office/Position Title","District Key","VoteFor","Unit Name","Tally","81","036","Bronx","IN-PLAY","General Election 2020 - 11/03/2020",,"State Senator","34",1,"Absentee / Military",119
"AD","ED","County","EDAD Status","Event","Party/Independent Body","Office/Position Title","District Key","VoteFor","Unit Name","Tally","81","036","Bronx","IN-PLAY","General Election 2020 - 11/03/2020",,"State Senator","34",1,"Federal",4
"AD","ED","County","EDAD Status","Event","Party/Independent Body","Office/Position Title","District Key","VoteFor","Unit Name","Tally","81","036","Bronx","IN-PLAY","General Election 2020 - 11/03/2020",,"State Senator","34",1,"Special Presidential",0
"AD","ED","County","EDAD Status","Event","Party/Independent Body","Office/Position Title","District Key","VoteFor","Unit Name","Tally","81","036","Bronx","IN-PLAY","General Election 2020 - 11/03/2020",,"State Senator","34",1,"Affidavit",6
"AD","ED","County","EDAD Status","Event","Party/Independent Body","Office/Position Title","District Key","VoteFor","Unit Name","Tally","81","036","Bronx","IN-PLAY","General Election 2020 - 11/03/2020",,"State Senator","34",1,"Alessandra Biaggi (Democratic)",390
"AD","ED","County","EDAD Status","Event","Party/Independent Body","Office/Position Title","District Key","VoteFor","Unit Name","Tally","81","036","Bronx","IN-PLAY","General Election 2020 - 11/03/2020",,"State Senator","34",1,"James B. Gisondi (Republican)",71
"AD","ED","County","EDAD Status","Event","Party/Independent Body","Office/Position Title","District Key","VoteFor","Unit Name","Tally","81","036","Bronx","IN-PLAY","General Election 2020 - 11/03/2020",,"State Senator","34",1,"Antonio Vitiello (Conservative)",11
"AD","ED","County","EDAD Status","Event","Party/Independent Body","Office/Position Title","District Key","VoteFor","Unit Name","Tally","81","036","Bronx","IN-PLAY","General Election 2020 - 11/03/2020",,"State Senator","34",1,"Alessandra Biaggi (Working Families)",63
"AD","ED","County","EDAD Status","Event","Party/Independent Body","Office/Position Title","District Key","VoteFor","Unit Name","Tally","81","037","Bronx","IN-PLAY","General Election 2020 - 11/03/2020",,"State Senator","34",1,"Public Counter",553
"AD","ED","County","EDAD Status","Event","Party/Independent Body","Office/Position Title","District Key","VoteFor","Unit Name","Tally","81","037","Bronx","IN-PLAY","General Election 2020 - 11/03/2020",,"State Senator","34",1,"Manually Counted Emergency",0
"AD","ED","County","EDAD Status","Event","Party/Independent Body","Office/Position Title","District Key","VoteFor","Unit Name","Tally","81","037","Bronx","IN-PLAY","General Election 2020 - 11/03/2020",,"State Senator","34",1,"Absentee / Military",129
"AD","ED","County","EDAD Status","Event","Party/Independent Body","Office/Position Title","District Key","VoteFor","Unit Name","Tally","81","037","Bronx","IN-PLAY","General Election 2020 - 11/03/2020",,"State Senator","34",1,"Federal",9
"AD","ED","County","EDAD Status","Event","Party/Independent Body","Office/Position Title","District Key","VoteFor","Unit Name","Tally","81","037","Bronx","IN-PLAY","General Election 2020 - 11/03/2020",,"State Senator","34",1,"Special Presidential",0
"AD","ED","County","EDAD Status","Event","Party/Independent Body","Office/Position Title","District Key","VoteFor","Unit Name","Tally","81","037","Bronx","IN-PLAY","General Election 2020 - 11/03/2020",,"State Senator","34",1,"Affidavit",5
"AD","ED","County","EDAD Status","Event","Party/Independent Body","Office/Position Title","District Key","VoteFor","Unit Name","Tally","81","037","Bronx","IN-PLAY","General Election 2020 - 11/03/2020",,"State Senator","34",1,"Alessandra Biaggi (Democratic)",477
"AD","ED","County","EDAD Status","Event","Party/Independent Body","Office/Position Title","District Key","VoteFor","Unit Name","Tally","81","037","Bronx","IN-PLAY","General Election 2020 - 11/03/2020",,"State Senator","34",1,"James B. Gisondi (Republican)",106
"AD","ED","County","EDAD Status","Event","Party/Independent Body","Office/Position Title","District Key","VoteFor","Unit Name","Tally","81","037","Bronx","IN-PLAY","General Election 2020 - 11/03/2020",,"State Senator","34",1,"Antonio Vitiello (Conservative)",7
"AD","ED","County","EDAD Status","Event","Party/Independent Body","Office/Position Title","District Key","VoteFor","Unit Name","Tally","81","037","Bronx","IN-PLAY","General Election 2020 - 11/03/2020",,"State Senator","34",1,"Alessandra Biaggi (Working Families)",70
"AD","ED","County","EDAD Status","Event","Party/Independent Body","Office/Position Title","District Key","VoteFor","Unit Name","Tally","81","037","Bronx","IN-PLAY","General Election 2020 - 11/03/2020",,"State Senator","34",1,"Scattered",2
"AD","ED","County","EDAD Status","Event","Party/Independent Body","Office/Position Title","District Key","VoteFor","Unit Name","Tally","81","041","Bronx","IN-PLAY","General Election 2020 - 11/03/2020",,"State Senator","34",1,"Public Counter",602
"AD","ED","County","EDAD Status","Event","Party/Independent Body","Office/Position Title","District Key","VoteFor","Unit Name","Tally","81","041","Bronx","IN-PLAY","General Election 2020 - 11/03/2020",,"State Senator","34",1,"Manually Counted Emergency",0
"AD","ED","County","EDAD Status","Event","Party/Independent Body","Office/Position Title","District Key","VoteFor","Unit Name","Tally","81","041","Bronx","IN-PLAY","General Election 2020 - 11/03/2020",,"State Senator","34",1,"Absentee / Military",154
"AD","ED","County","EDAD Status","Event","Party/Independent Body","Office/Position Title","District Key","VoteFor","Unit Name","Tally","81","041","Bronx","IN-PLAY","General Election 2020 - 11/03/2020",,"State Senator","34",1,"Federal",9
"AD","ED","County","EDAD Status","Event","Party/Independent Body","Office/Position Title","District Key","VoteFor","Unit Name","Tally","81","041","Bronx","IN-PLAY","General Election 2020 - 11/03/2020",,"State Senator","34",1,"Special Presidential",0
"AD","ED","County","EDAD Status","Event","Party/Independent Body","Office/Position Title","District Key","VoteFor","Unit Name","Tally","81","041","Bronx","IN-PLAY","General Election 2020 - 11/03/2020",,"State Senator","34",1,"Affidavit",3
"AD","ED","County","EDAD Status","Event","Party/Independent Body","Office/Position Title","District Key","VoteFor","Unit Name","Tally","81","041","Bronx","IN-PLAY","General Election 2020 - 11/03/2020",,"State Senator","34",1,"Alessandra Biaggi (Democratic)",482
"AD","ED","County","EDAD Status","Event","Party/Independent Body","Office/Position Title","District Key","VoteFor","Unit Name","Tally","81","041","Bronx","IN-PLAY","General Election 2020 - 11/03/2020",,"State Senator","34",1,"James B. Gisondi (Republican)",130
"AD","ED","County","EDAD Status","Event","Party/Independent Body","Office/Position Title","District Key","VoteFor","Unit Name","Tally","81","041","Bronx","IN-PLAY","General Election 2020 - 11/03/2020",,"State Senator","34",1,"Antonio Vitiello (Conservative)",18
"AD","ED","County","EDAD Status","Event","Party/Independent Body","Office/Position Title","District Key","VoteFor","Unit Name","Tally","81","041","Bronx","IN-PLAY","General Election 2020 - 11/03/2020",,"State Senator","34",1,"Alessandra Biaggi (Working Families)",82
"AD","ED","County","EDAD Status","Event","Party/Independent Body","Office/Position Title","District Key","VoteFor","Unit Name","Tally","81","041","Bronx","IN-PLAY","General Election 2020 - 11/03/2020",,"State Senator","34",1,"Scattered",3
"AD","ED","County","EDAD Status","Event","Party/Independent Body","Office/Position Title","District Key","VoteFor","Unit Name","Tally","81","043","Bronx","IN-PLAY","General Election 2020 - 11/03/2020",,"State Senator","34",1,"Public Counter",305
"AD","ED","County","EDAD Status","Event","Party/Independent Body","Office/Position Title","District Key","VoteFor","Unit Name","Tally","81","043","Bronx","IN-PLAY","General Election 2020 - 11/03/2020",,"State Senator","34",1,"Manually Counted Emergency",0
"AD","ED","County","EDAD Status","Event","Party/Independent Body","Office/Position Title","District Key","VoteFor","Unit Name","Tally","81","043","Bronx","IN-PLAY","General Election 2020 - 11/03/2020",,"State Senator","34",1,"Absentee / Military",103
"AD","ED","County","EDAD Status","Event","Party/Independent Body","Office/Position Title","District Key","VoteFor","Unit Name","Tally","81","043","Bronx","IN-PLAY","General Election 2020 - 11/03/2020",,"State Senator","34",1,"Federal",1
"AD","ED","County","EDAD Status","Event","Party/Independent Body","Office/Position Title","District Key","VoteFor","Unit Name","Tally","81","043","Bronx","IN-PLAY","General Election 2020 - 11/03/2020",,"State Senator","34",1,"Special Presidential",0
"AD","ED","County","EDAD Status","Event","Party/Independent Body","Office/Position Title","District Key","VoteFor","Unit Name","Tally","81","043","Bronx","IN-PLAY","General Election 2020 - 11/03/2020",,"State Senator","34",1,"Affidavit",1
"AD","ED","County","EDAD Status","Event","Party/Independent Body","Office/Position Title","District Key","VoteFor","Unit Name","Tally","81","043","Bronx","IN-PLAY","General Election 2020 - 11/03/2020",,"State Senator","34",1,"Alessandra Biaggi (Democratic)",267
"AD","ED","County","EDAD Status","Event","Party/Independent Body","Office/Position Title","District Key","VoteFor","Unit Name","Tally","81","043","Bronx","IN-PLAY","General Election 2020 - 11/03/2020",,"State Senator","34",1,"James B. Gisondi (Republican)",68
"AD","ED","County","EDAD Status","Event","Party/Independent Body","Office/Position Title","District Key","VoteFor","Unit Name","Tally","81","043","Bronx","IN-PLAY","General Election 2020 - 11/03/2020",,"State Senator","34",1,"Antonio Vitiello (Conservative)",18
"AD","ED","County","EDAD Status","Event","Party/Independent Body","Office/Position Title","District Key","VoteFor","Unit Name","Tally","81","043","Bronx","IN-PLAY","General Election 2020 - 11/03/2020",,"State Senator","34",1,"Alessandra Biaggi (Working Families)",37
"AD","ED","County","EDAD Status","Event","Party/Independent Body","Office/Position Title","District Key","VoteFor","Unit Name","Tally","81","043","Bronx","IN-PLAY","General Election 2020 - 11/03/2020",,"State Senator","34",1,"Scattered",4
"AD","ED","County","EDAD Status","Event","Party/Independent Body","Office/Position Title","District Key","VoteFor","Unit Name","Tally","81","044","Bronx","IN-PLAY","General Election 2020 - 11/03/2020",,"State Senator","34",1,"Public Counter",280
"AD","ED","County","EDAD Status","Event","Party/Independent Body","Office/Position Title","District Key","VoteFor","Unit Name","Tally","81","044","Bronx","IN-PLAY","General Election 2020 - 11/03/2020",,"State Senator","34",1,"Manually Counted Emergency",0
"AD","ED","County","EDAD Status","Event","Party/Independent Body","Office/Position Title","District Key","VoteFor","Unit Name","Tally","81","044","Bronx","IN-PLAY","General Election 2020 - 11/03/2020",,"State Senator","34",1,"Absentee / Military",86
"AD","ED","County","EDAD Status","Event","Party/Independent Body","Office/Position Title","District Key","VoteFor","Unit Name","Tally","81","044","Bronx","IN-PLAY","General Election 2020 - 11/03/2020",,"State Senator","34",1,"Federal",1
"AD","ED","County","EDAD Status","Event","Party/Independent Body","Office/Position Title","District Key","VoteFor","Unit Name","Tally","81","044","Bronx","IN-PLAY","General Election 2020 - 11/03/2020",,"State Senator","34",1,"Special Presidential",0
"AD","ED","County","EDAD Status","Event","Party/Independent Body","Office/Position Title","District Key","VoteFor","Unit Name","Tally","81","044","Bronx","IN-PLAY","General Election 2020 - 11/03/2020",,"State Senator","34",1,"Affidavit",3
"AD","ED","County","EDAD Status","Event","Party/Independent Body","Office/Position Title","District Key","VoteFor","Unit Name","Tally","81","044","Bronx","IN-PLAY","General Election 2020 - 11/03/2020",,"State Senator","34",1,"Alessandra Biaggi (Democratic)",228
"AD","ED","County","EDAD Status","Event","Party/Independent Body","Office/Position Title","District Key","VoteFor","Unit Name","Tally","81","044","Bronx","IN-PLAY","General Election 2020 - 11/03/2020",,"State Senator","34",1,"James B. Gisondi (Republican)",80
"AD","ED","County","EDAD Status","Event","Party/Independent Body","Office/Position Title","District Key","VoteFor","Unit Name","Tally","81","044","Bronx","IN-PLAY","General Election 2020 - 11/03/2020",,"State Senator","34",1,"Antonio Vitiello (Conservative)",10
"AD","ED","County","EDAD Status","Event","Party/Independent Body","Office/Position Title","District Key","VoteFor","Unit Name","Tally","81","044","Bronx","IN-PLAY","General Election 2020 - 11/03/2020",,"State Senator","34",1,"Alessandra Biaggi (Working Families)",30
"AD","ED","County","EDAD Status","Event","Party/Independent Body","Office/Position Title","District Key","VoteFor","Unit Name","Tally","81","047","Bronx","IN-PLAY","General Election 2020 - 11/03/2020",,"State Senator","34",1,"Public Counter",128
"AD","ED","County","EDAD Status","Event","Party/Independent Body","Office/Position Title","District Key","VoteFor","Unit Name","Tally","81","047","Bronx","IN-PLAY","General Election 2020 - 11/03/2020",,"State Senator","34",1,"Manually Counted Emergency",0
"AD","ED","County","EDAD Status","Event","Party/Independent Body","Office/Position Title","District Key","VoteFor","Unit Name","Tally","81","047","Bronx","IN-PLAY","General Election 2020 - 11/03/2020",,"State Senator","34",1,"Absentee / Military",48
"AD","ED","County","EDAD Status","Event","Party/Independent Body","Office/Position Title","District Key","VoteFor","Unit Name","Tally","81","047","Bronx","IN-PLAY","General Election 2020 - 11/03/2020",,"State Senator","34",1,"Federal",0
"AD","ED","County","EDAD Status","Event","Party/Independent Body","Office/Position Title","District Key","VoteFor","Unit Name","Tally","81","047","Bronx","IN-PLAY","General Election 2020 - 11/03/2020",,"State Senator","34",1,"Special Presidential",0
"AD","ED","County","EDAD Status","Event","Party/Independent Body","Office/Position Title","District Key","VoteFor","Unit Name","Tally","81","047","Bronx","IN-PLAY","General Election 2020 - 11/03/2020",,"State Senator","34",1,"Affidavit",2
"AD","ED","County","EDAD Status","Event","Party/Independent Body","Office/Position Title","District Key","VoteFor","Unit Name","Tally","81","047","Bronx","IN-PLAY","General Election 2020 - 11/03/2020",,"State Senator","34",1,"Alessandra Biaggi (Democratic)",108
"AD","ED","County","EDAD Status","Event","Party/Independent Body","Office/Position Title","District Key","VoteFor","Unit Name","Tally","81","047","Bronx","IN-PLAY","General Election 2020 - 11/03/2020",,"State Senator","34",1,"James B. Gisondi (Republican)",33
"AD","ED","County","EDAD Status","Event","Party/Independent Body","Office/Position Title","District Key","VoteFor","Unit Name","Tally","81","047","Bronx","IN-PLAY","General Election 2020 - 11/03/2020",,"State Senator","34",1,"Antonio Vitiello (Conservative)",7
"AD","ED","County","EDAD Status","Event","Party/Independent Body","Office/Position Title","District Key","VoteFor","Unit Name","Tally","81","047","Bronx","IN-PLAY","General Election 2020 - 11/03/2020",,"State Senator","34",1,"Alessandra Biaggi (Working Families)",25
"AD","ED","County","EDAD Status","Event","Party/Independent Body","Office/Position Title","District Key","VoteFor","Unit Name","Tally","81","047","Bronx","IN-PLAY","General Election 2020 - 11/03/2020",,"State Senator","34",1,"Scattered",2
"AD","ED","County","EDAD Status","Event","Party/Independent Body","Office/Position Title","District Key","VoteFor","Unit Name","Tally","81","048","Bronx","IN-PLAY","General Election 2020 - 11/03/2020",,"State Senator","34",1,"Public Counter",387
"AD","ED","County","EDAD Status","Event","Party/Independent Body","Office/Position Title","District Key","VoteFor","Unit Name","Tally","81","048","Bronx","IN-PLAY","General Election 2020 - 11/03/2020",,"State Senator","34",1,"Manually Counted Emergency",0
"AD","ED","County","EDAD Status","Event","Party/Independent Body","Office/Position Title","District Key","VoteFor","Unit Name","Tally","81","048","Bronx","IN-PLAY","General Election 2020 - 11/03/2020",,"State Senator","34",1,"Absentee / Military",127
"AD","ED","County","EDAD Status","Event","Party/Independent Body","Office/Position Title","District Key","VoteFor","Unit Name","Tally","81","048","Bronx","IN-PLAY","General Election 2020 - 11/03/2020",,"State Senator","34",1,"Federal",13
"AD","ED","County","EDAD Status","Event","Party/Independent Body","Office/Position Title","District Key","VoteFor","Unit Name","Tally","81","048","Bronx","IN-PLAY","General Election 2020 - 11/03/2020",,"State Senator","34",1,"Special Presidential",0
"AD","ED","County","EDAD Status","Event","Party/Independent Body","Office/Position Title","District Key","VoteFor","Unit Name","Tally","81","048","Bronx","IN-PLAY","General Election 2020 - 11/03/2020",,"State Senator","34",1,"Affidavit",1
"AD","ED","County","EDAD Status","Event","Party/Independent Body","Office/Position Title","District Key","VoteFor","Unit Name","Tally","81","048","Bronx","IN-PLAY","General Election 2020 - 11/03/2020",,"State Senator","34",1,"Alessandra Biaggi (Democratic)",374
"AD","ED","County","EDAD Status","Event","Party/Independent Body","Office/Position Title","District Key","VoteFor","Unit Name","Tally","81","048","Bronx","IN-PLAY","General Election 2020 - 11/03/2020",,"State Senator","34",1,"James B. Gisondi (Republican)",63
"AD","ED","County","EDAD Status","Event","Party/Independent Body","Office/Position Title","District Key","VoteFor","Unit Name","Tally","81","048","Bronx","IN-PLAY","General Election 2020 - 11/03/2020",,"State Senator","34",1,"Antonio Vitiello (Conservative)",7
"AD","ED","County","EDAD Status","Event","Party/Independent Body","Office/Position Title","District Key","VoteFor","Unit Name","Tally","81","048","Bronx","IN-PLAY","General Election 2020 - 11/03/2020",,"State Senator","34",1,"Alessandra Biaggi (Working Families)",61
"AD","ED","County","EDAD Status","Event","Party/Independent Body","Office/Position Title","District Key","VoteFor","Unit Name","Tally","81","048","Bronx","IN-PLAY","General Election 2020 - 11/03/2020",,"State Senator","34",1,"Scattered",1
"AD","ED","County","EDAD Status","Event","Party/Independent Body","Office/Position Title","District Key","VoteFor","Unit Name","Tally","81","049","Bronx","IN-PLAY","General Election 2020 - 11/03/2020",,"State Senator","34",1,"Public Counter",285
"AD","ED","County","EDAD Status","Event","Party/Independent Body","Office/Position Title","District Key","VoteFor","Unit Name","Tally","81","049","Bronx","IN-PLAY","General Election 2020 - 11/03/2020",,"State Senator","34",1,"Manually Counted Emergency",0
"AD","ED","County","EDAD Status","Event","Party/Independent Body","Office/Position Title","District Key","VoteFor","Unit Name","Tally","81","049","Bronx","IN-PLAY","General Election 2020 - 11/03/2020",,"State Senator","34",1,"Absentee / Military",133
"AD","ED","County","EDAD Status","Event","Party/Independent Body","Office/Position Title","District Key","VoteFor","Unit Name","Tally","81","049","Bronx","IN-PLAY","General Election 2020 - 11/03/2020",,"State Senator","34",1,"Federal",2
"AD","ED","County","EDAD Status","Event","Party/Independent Body","Office/Position Title","District Key","VoteFor","Unit Name","Tally","81","049","Bronx","IN-PLAY","General Election 2020 - 11/03/2020",,"State Senator","34",1,"Special Presidential",0
"AD","ED","County","EDAD Status","Event","Party/Independent Body","Office/Position Title","District Key","VoteFor","Unit Name","Tally","81","049","Bronx","IN-PLAY","General Election 2020 - 11/03/2020",,"State Senator","34",1,"Affidavit",3
"AD","ED","County","EDAD Status","Event","Party/Independent Body","Office/Position Title","District Key","VoteFor","Unit Name","Tally","81","049","Bronx","IN-PLAY","General Election 2020 - 11/03/2020",,"State Senator","34",1,"Alessandra Biaggi (Democratic)",272
"AD","ED","County","EDAD Status","Event","Party/Independent Body","Office/Position Title","District Key","VoteFor","Unit Name","Tally","81","049","Bronx","IN-PLAY","General Election 2020 - 11/03/2020",,"State Senator","34",1,"James B. Gisondi (Republican)",83
"AD","ED","County","EDAD Status","Event","Party/Independent Body","Office/Position Title","District Key","VoteFor","Unit Name","Tally","81","049","Bronx","IN-PLAY","General Election 2020 - 11/03/2020",,"State Senator","34",1,"Antonio Vitiello (Conservative)",18
"AD","ED","County","EDAD Status","Event","Party/Independent Body","Office/Position Title","District Key","VoteFor","Unit Name","Tally","81","049","Bronx","IN-PLAY","General Election 2020 - 11/03/2020",,"State Senator","34",1,"Alessandra Biaggi (Working Families)",32
"AD","ED","County","EDAD Status","Event","Party/Independent Body","Office/Position Title","District Key","VoteFor","Unit Name","Tally","81","050","Bronx","IN-PLAY","General Election 2020 - 11/03/2020",,"State Senator","34",1,"Public Counter",398
"AD","ED","County","EDAD Status","Event","Party/Independent Body","Office/Position Title","District Key","VoteFor","Unit Name","Tally","81","050","Bronx","IN-PLAY","General Election 2020 - 11/03/2020",,"State Senator","34",1,"Manually Counted Emergency",0
"AD","ED","County","EDAD Status","Event","Party/Independent Body","Office/Position Title","District Key","VoteFor","Unit Name","Tally","81","050","Bronx","IN-PLAY","General Election 2020 - 11/03/2020",,"State Senator","34",1,"Absentee / Military",146
"AD","ED","County","EDAD Status","Event","Party/Independent Body","Office/Position Title","District Key","VoteFor","Unit Name","Tally","81","050","Bronx","IN-PLAY","General Election 2020 - 11/03/2020",,"State Senator","34",1,"Federal",5
"AD","ED","County","EDAD Status","Event","Party/Independent Body","Office/Position Title","District Key","VoteFor","Unit Name","Tally","81","050","Bronx","IN-PLAY","General Election 2020 - 11/03/2020",,"State Senator","34",1,"Special Presidential",0
"AD","ED","County","EDAD Status","Event","Party/Independent Body","Office/Position Title","District Key","VoteFor","Unit Name","Tally","81","050","Bronx","IN-PLAY","General Election 2020 - 11/03/2020",,"State Senator","34",1,"Affidavit",4
"AD","ED","County","EDAD Status","Event","Party/Independent Body","Office/Position Title","District Key","VoteFor","Unit Name","Tally","81","050","Bronx","IN-PLAY","General Election 2020 - 11/03/2020",,"State Senator","34",1,"Alessandra Biaggi (Democratic)",381
"AD","ED","County","EDAD Status","Event","Party/Independent Body","Office/Position Title","District Key","VoteFor","Unit Name","Tally","81","050","Bronx","IN-PLAY","General Election 2020 - 11/03/2020",,"State Senator","34",1,"James B. Gisondi (Republican)",59
"AD","ED","County","EDAD Status","Event","Party/Independent Body","Office/Position Title","District Key","VoteFor","Unit Name","Tally","81","050","Bronx","IN-PLAY","General Election 2020 - 11/03/2020",,"State Senator","34",1,"Antonio Vitiello (Conservative)",11
"AD","ED","County","EDAD Status","Event","Party/Independent Body","Office/Position Title","District Key","VoteFor","Unit Name","Tally","81","050","Bronx","IN-PLAY","General Election 2020 - 11/03/2020",,"State Senator","34",1,"Alessandra Biaggi (Working Families)",77
"AD","ED","County","EDAD Status","Event","Party/Independent Body","Office/Position Title","District Key","VoteFor","Unit Name","Tally","81","051","Bronx","IN-PLAY","General Election 2020 - 11/03/2020",,"State Senator","34",1,"Public Counter",325
"AD","ED","County","EDAD Status","Event","Party/Independent Body","Office/Position Title","District Key","VoteFor","Unit Name","Tally","81","051","Bronx","IN-PLAY","General Election 2020 - 11/03/2020",,"State Senator","34",1,"Manually Counted Emergency",0
"AD","ED","County","EDAD Status","Event","Party/Independent Body","Office/Position Title","District Key","VoteFor","Unit Name","Tally","81","051","Bronx","IN-PLAY","General Election 2020 - 11/03/2020",,"State Senator","34",1,"Absentee / Military",117
"AD","ED","County","EDAD Status","Event","Party/Independent Body","Office/Position Title","District Key","VoteFor","Unit Name","Tally","81","051","Bronx","IN-PLAY","General Election 2020 - 11/03/2020",,"State Senator","34",1,"Federal",8
"AD","ED","County","EDAD Status","Event","Party/Independent Body","Office/Position Title","District Key","VoteFor","Unit Name","Tally","81","051","Bronx","IN-PLAY","General Election 2020 - 11/03/2020",,"State Senator","34",1,"Special Presidential",0
"AD","ED","County","EDAD Status","Event","Party/Independent Body","Office/Position Title","District Key","VoteFor","Unit Name","Tally","81","051","Bronx","IN-PLAY","General Election 2020 - 11/03/2020",,"State Senator","34",1,"Affidavit",2
"AD","ED","County","EDAD Status","Event","Party/Independent Body","Office/Position Title","District Key","VoteFor","Unit Name","Tally","81","051","Bronx","IN-PLAY","General Election 2020 - 11/03/2020",,"State Senator","34",1,"Alessandra Biaggi (Democratic)",307
"AD","ED","County","EDAD Status","Event","Party/Independent Body","Office/Position Title","District Key","VoteFor","Unit Name","Tally","81","051","Bronx","IN-PLAY","General Election 2020 - 11/03/2020",,"State Senator","34",1,"James B. Gisondi (Republican)",64
"AD","ED","County","EDAD Status","Event","Party/Independent Body","Office/Position Title","District Key","VoteFor","Unit Name","Tally","81","051","Bronx","IN-PLAY","General Election 2020 - 11/03/2020",,"State Senator","34",1,"Antonio Vitiello (Conservative)",8
"AD","ED","County","EDAD Status","Event","Party/Independent Body","Office/Position Title","District Key","VoteFor","Unit Name","Tally","81","051","Bronx","IN-PLAY","General Election 2020 - 11/03/2020",,"State Senator","34",1,"Alessandra Biaggi (Working Families)",49
"AD","ED","County","EDAD Status","Event","Party/Independent Body","Office/Position Title","District Key","VoteFor","Unit Name","Tally","81","051","Bronx","IN-PLAY","General Election 2020 - 11/03/2020",,"State Senator","34",1,"Scattered",1
"AD","ED","County","EDAD Status","Event","Party/Independent Body","Office/Position Title","District Key","VoteFor","Unit Name","Tally","81","052","Bronx","IN-PLAY","General Election 2020 - 11/03/2020",,"State Senator","34",1,"Public Counter",149
"AD","ED","County","EDAD Status","Event","Party/Independent Body","Office/Position Title","District Key","VoteFor","Unit Name","Tally","81","052","Bronx","IN-PLAY","General Election 2020 - 11/03/2020",,"State Senator","34",1,"Manually Counted Emergency",0
"AD","ED","County","EDAD Status","Event","Party/Independent Body","Office/Position Title","District Key","VoteFor","Unit Name","Tally","81","052","Bronx","IN-PLAY","General Election 2020 - 11/03/2020",,"State Senator","34",1,"Absentee / Military",81
"AD","ED","County","EDAD Status","Event","Party/Independent Body","Office/Position Title","District Key","VoteFor","Unit Name","Tally","81","052","Bronx","IN-PLAY","General Election 2020 - 11/03/2020",,"State Senator","34",1,"Federal",1
"AD","ED","County","EDAD Status","Event","Party/Independent Body","Office/Position Title","District Key","VoteFor","Unit Name","Tally","81","052","Bronx","IN-PLAY","General Election 2020 - 11/03/2020",,"State Senator","34",1,"Special Presidential",0
"AD","ED","County","EDAD Status","Event","Party/Independent Body","Office/Position Title","District Key","VoteFor","Unit Name","Tally","81","052","Bronx","IN-PLAY","General Election 2020 - 11/03/2020",,"State Senator","34",1,"Affidavit",0
"AD","ED","County","EDAD Status","Event","Party/Independent Body","Office/Position Title","District Key","VoteFor","Unit Name","Tally","81","052","Bronx","IN-PLAY","General Election 2020 - 11/03/2020",,"State Senator","34",1,"Alessandra Biaggi (Democratic)",152
"AD","ED","County","EDAD Status","Event","Party/Independent Body","Office/Position Title","District Key","VoteFor","Unit Name","Tally","81","052","Bronx","IN-PLAY","General Election 2020 - 11/03/2020",,"State Senator","34",1,"James B. Gisondi (Republican)",41
"AD","ED","County","EDAD Status","Event","Party/Independent Body","Office/Position Title","District Key","VoteFor","Unit Name","Tally","81","052","Bronx","IN-PLAY","General Election 2020 - 11/03/2020",,"State Senator","34",1,"Antonio Vitiello (Conservative)",5
"AD","ED","County","EDAD Status","Event","Party/Independent Body","Office/Position Title","District Key","VoteFor","Unit Name","Tally","81","052","Bronx","IN-PLAY","General Election 2020 - 11/03/2020",,"State Senator","34",1,"Alessandra Biaggi (Working Families)",21
"AD","ED","County","EDAD Status","Event","Party/Independent Body","Office/Position Title","District Key","VoteFor","Unit Name","Tally","81","053","Bronx","IN-PLAY","General Election 2020 - 11/03/2020",,"State Senator","34",1,"Public Counter",128
"AD","ED","County","EDAD Status","Event","Party/Independent Body","Office/Position Title","District Key","VoteFor","Unit Name","Tally","81","053","Bronx","IN-PLAY","General Election 2020 - 11/03/2020",,"State Senator","34",1,"Manually Counted Emergency",0
"AD","ED","County","EDAD Status","Event","Party/Independent Body","Office/Position Title","District Key","VoteFor","Unit Name","Tally","81","053","Bronx","IN-PLAY","General Election 2020 - 11/03/2020",,"State Senator","34",1,"Absentee / Military",124
"AD","ED","County","EDAD Status","Event","Party/Independent Body","Office/Position Title","District Key","VoteFor","Unit Name","Tally","81","053","Bronx","IN-PLAY","General Election 2020 - 11/03/2020",,"State Senator","34",1,"Federal",3
"AD","ED","County","EDAD Status","Event","Party/Independent Body","Office/Position Title","District Key","VoteFor","Unit Name","Tally","81","053","Bronx","IN-PLAY","General Election 2020 - 11/03/2020",,"State Senator","34",1,"Special Presidential",0
"AD","ED","County","EDAD Status","Event","Party/Independent Body","Office/Position Title","District Key","VoteFor","Unit Name","Tally","81","053","Bronx","IN-PLAY","General Election 2020 - 11/03/2020",,"State Senator","34",1,"Affidavit",1
"AD","ED","County","EDAD Status","Event","Party/Independent Body","Office/Position Title","District Key","VoteFor","Unit Name","Tally","81","053","Bronx","IN-PLAY","General Election 2020 - 11/03/2020",,"State Senator","34",1,"Alessandra Biaggi (Democratic)",144
"AD","ED","County","EDAD Status","Event","Party/Independent Body","Office/Position Title","District Key","VoteFor","Unit Name","Tally","81","053","Bronx","IN-PLAY","General Election 2020 - 11/03/2020",,"State Senator","34",1,"James B. Gisondi (Republican)",78
"AD","ED","County","EDAD Status","Event","Party/Independent Body","Office/Position Title","District Key","VoteFor","Unit Name","Tally","81","053","Bronx","IN-PLAY","General Election 2020 - 11/03/2020",,"State Senator","34",1,"Antonio Vitiello (Conservative)",5
"AD","ED","County","EDAD Status","Event","Party/Independent Body","Office/Position Title","District Key","VoteFor","Unit Name","Tally","81","053","Bronx","IN-PLAY","General Election 2020 - 11/03/2020",,"State Senator","34",1,"Alessandra Biaggi (Working Families)",14
"AD","ED","County","EDAD Status","Event","Party/Independent Body","Office/Position Title","District Key","VoteFor","Unit Name","Tally","81","054","Bronx","IN-PLAY","General Election 2020 - 11/03/2020",,"State Senator","34",1,"Public Counter",526
"AD","ED","County","EDAD Status","Event","Party/Independent Body","Office/Position Title","District Key","VoteFor","Unit Name","Tally","81","054","Bronx","IN-PLAY","General Election 2020 - 11/03/2020",,"State Senator","34",1,"Manually Counted Emergency",0
"AD","ED","County","EDAD Status","Event","Party/Independent Body","Office/Position Title","District Key","VoteFor","Unit Name","Tally","81","054","Bronx","IN-PLAY","General Election 2020 - 11/03/2020",,"State Senator","34",1,"Absentee / Military",180
"AD","ED","County","EDAD Status","Event","Party/Independent Body","Office/Position Title","District Key","VoteFor","Unit Name","Tally","81","054","Bronx","IN-PLAY","General Election 2020 - 11/03/2020",,"State Senator","34",1,"Federal",12
"AD","ED","County","EDAD Status","Event","Party/Independent Body","Office/Position Title","District Key","VoteFor","Unit Name","Tally","81","054","Bronx","IN-PLAY","General Election 2020 - 11/03/2020",,"State Senator","34",1,"Special Presidential",0
"AD","ED","County","EDAD Status","Event","Party/Independent Body","Office/Position Title","District Key","VoteFor","Unit Name","Tally","81","054","Bronx","IN-PLAY","General Election 2020 - 11/03/2020",,"State Senator","34",1,"Affidavit",6
"AD","ED","County","EDAD Status","Event","Party/Independent Body","Office/Position Title","District Key","VoteFor","Unit Name","Tally","81","054","Bronx","IN-PLAY","General Election 2020 - 11/03/2020",,"State Senator","34",1,"Alessandra Biaggi (Democratic)",493
"AD","ED","County","EDAD Status","Event","Party/Independent Body","Office/Position Title","District Key","VoteFor","Unit Name","Tally","81","054","Bronx","IN-PLAY","General Election 2020 - 11/03/2020",,"State Senator","34",1,"James B. Gisondi (Republican)",85
"AD","ED","County","EDAD Status","Event","Party/Independent Body","Office/Position Title","District Key","VoteFor","Unit Name","Tally","81","054","Bronx","IN-PLAY","General Election 2020 - 11/03/2020",,"State Senator","34",1,"Antonio Vitiello (Conservative)",30
"AD","ED","County","EDAD Status","Event","Party/Independent Body","Office/Position Title","District Key","VoteFor","Unit Name","Tally","81","054","Bronx","IN-PLAY","General Election 2020 - 11/03/2020",,"State Senator","34",1,"Alessandra Biaggi (Working Families)",75
"AD","ED","County","EDAD Status","Event","Party/Independent Body","Office/Position Title","District Key","VoteFor","Unit Name","Tally","81","054","Bronx","IN-PLAY","General Election 2020 - 11/03/2020",,"State Senator","34",1,"Scattered",1
"AD","ED","County","EDAD Status","Event","Party/Independent Body","Office/Position Title","District Key","VoteFor","Unit Name","Tally","81","055","Bronx","IN-PLAY","General Election 2020 - 11/03/2020",,"State Senator","34",1,"Public Counter",482
"AD","ED","County","EDAD Status","Event","Party/Independent Body","Office/Position Title","District Key","VoteFor","Unit Name","Tally","81","055","Bronx","IN-PLAY","General Election 2020 - 11/03/2020",,"State Senator","34",1,"Manually Counted Emergency",0
"AD","ED","County","EDAD Status","Event","Party/Independent Body","Office/Position Title","District Key","VoteFor","Unit Name","Tally","81","055","Bronx","IN-PLAY","General Election 2020 - 11/03/2020",,"State Senator","34",1,"Absentee / Military",240
"AD","ED","County","EDAD Status","Event","Party/Independent Body","Office/Position Title","District Key","VoteFor","Unit Name","Tally","81","055","Bronx","IN-PLAY","General Election 2020 - 11/03/2020",,"State Senator","34",1,"Federal",9
"AD","ED","County","EDAD Status","Event","Party/Independent Body","Office/Position Title","District Key","VoteFor","Unit Name","Tally","81","055","Bronx","IN-PLAY","General Election 2020 - 11/03/2020",,"State Senator","34",1,"Special Presidential",0
"AD","ED","County","EDAD Status","Event","Party/Independent Body","Office/Position Title","District Key","VoteFor","Unit Name","Tally","81","055","Bronx","IN-PLAY","General Election 2020 - 11/03/2020",,"State Senator","34",1,"Affidavit",6
"AD","ED","County","EDAD Status","Event","Party/Independent Body","Office/Position Title","District Key","VoteFor","Unit Name","Tally","81","055","Bronx","IN-PLAY","General Election 2020 - 11/03/2020",,"State Senator","34",1,"Alessandra Biaggi (Democratic)",490
"AD","ED","County","EDAD Status","Event","Party/Independent Body","Office/Position Title","District Key","VoteFor","Unit Name","Tally","81","055","Bronx","IN-PLAY","General Election 2020 - 11/03/2020",,"State Senator","34",1,"James B. Gisondi (Republican)",126
"AD","ED","County","EDAD Status","Event","Party/Independent Body","Office/Position Title","District Key","VoteFor","Unit Name","Tally","81","055","Bronx","IN-PLAY","General Election 2020 - 11/03/2020",,"State Senator","34",1,"Antonio Vitiello (Conservative)",24
"AD","ED","County","EDAD Status","Event","Party/Independent Body","Office/Position Title","District Key","VoteFor","Unit Name","Tally","81","055","Bronx","IN-PLAY","General Election 2020 - 11/03/2020",,"State Senator","34",1,"Alessandra Biaggi (Working Families)",55
"AD","ED","County","EDAD Status","Event","Party/Independent Body","Office/Position Title","District Key","VoteFor","Unit Name","Tally","81","056","Bronx","IN-PLAY","General Election 2020 - 11/03/2020",,"State Senator","34",1,"Public Counter",474
"AD","ED","County","EDAD Status","Event","Party/Independent Body","Office/Position Title","District Key","VoteFor","Unit Name","Tally","81","056","Bronx","IN-PLAY","General Election 2020 - 11/03/2020",,"State Senator","34",1,"Manually Counted Emergency",0
"AD","ED","County","EDAD Status","Event","Party/Independent Body","Office/Position Title","District Key","VoteFor","Unit Name","Tally","81","056","Bronx","IN-PLAY","General Election 2020 - 11/03/2020",,"State Senator","34",1,"Absentee / Military",178
"AD","ED","County","EDAD Status","Event","Party/Independent Body","Office/Position Title","District Key","VoteFor","Unit Name","Tally","81","056","Bronx","IN-PLAY","General Election 2020 - 11/03/2020",,"State Senator","34",1,"Federal",2
"AD","ED","County","EDAD Status","Event","Party/Independent Body","Office/Position Title","District Key","VoteFor","Unit Name","Tally","81","056","Bronx","IN-PLAY","General Election 2020 - 11/03/2020",,"State Senator","34",1,"Special Presidential",0
"AD","ED","County","EDAD Status","Event","Party/Independent Body","Office/Position Title","District Key","VoteFor","Unit Name","Tally","81","056","Bronx","IN-PLAY","General Election 2020 - 11/03/2020",,"State Senator","34",1,"Affidavit",11
"AD","ED","County","EDAD Status","Event","Party/Independent Body","Office/Position Title","District Key","VoteFor","Unit Name","Tally","81","056","Bronx","IN-PLAY","General Election 2020 - 11/03/2020",,"State Senator","34",1,"Alessandra Biaggi (Democratic)",430
"AD","ED","County","EDAD Status","Event","Party/Independent Body","Office/Position Title","District Key","VoteFor","Unit Name","Tally","81","056","Bronx","IN-PLAY","General Election 2020 - 11/03/2020",,"State Senator","34",1,"James B. Gisondi (Republican)",115
"AD","ED","County","EDAD Status","Event","Party/Independent Body","Office/Position Title","District Key","VoteFor","Unit Name","Tally","81","056","Bronx","IN-PLAY","General Election 2020 - 11/03/2020",,"State Senator","34",1,"Antonio Vitiello (Conservative)",28
"AD","ED","County","EDAD Status","Event","Party/Independent Body","Office/Position Title","District Key","VoteFor","Unit Name","Tally","81","056","Bronx","IN-PLAY","General Election 2020 - 11/03/2020",,"State Senator","34",1,"Alessandra Biaggi (Working Families)",58
"AD","ED","County","EDAD Status","Event","Party/Independent Body","Office/Position Title","District Key","VoteFor","Unit Name","Tally","81","057","Bronx","IN-PLAY","General Election 2020 - 11/03/2020",,"State Senator","34",1,"Public Counter",299
"AD","ED","County","EDAD Status","Event","Party/Independent Body","Office/Position Title","District Key","VoteFor","Unit Name","Tally","81","057","Bronx","IN-PLAY","General Election 2020 - 11/03/2020",,"State Senator","34",1,"Manually Counted Emergency",0
"AD","ED","County","EDAD Status","Event","Party/Independent Body","Office/Position Title","District Key","VoteFor","Unit Name","Tally","81","057","Bronx","IN-PLAY","General Election 2020 - 11/03/2020",,"State Senator","34",1,"Absentee / Military",93
"AD","ED","County","EDAD Status","Event","Party/Independent Body","Office/Position Title","District Key","VoteFor","Unit Name","Tally","81","057","Bronx","IN-PLAY","General Election 2020 - 11/03/2020",,"State Senator","34",1,"Federal",5
"AD","ED","County","EDAD Status","Event","Party/Independent Body","Office/Position Title","District Key","VoteFor","Unit Name","Tally","81","057","Bronx","IN-PLAY","General Election 2020 - 11/03/2020",,"State Senator","34",1,"Special Presidential",0
"AD","ED","County","EDAD Status","Event","Party/Independent Body","Office/Position Title","District Key","VoteFor","Unit Name","Tally","81","057","Bronx","IN-PLAY","General Election 2020 - 11/03/2020",,"State Senator","34",1,"Affidavit",3
"AD","ED","County","EDAD Status","Event","Party/Independent Body","Office/Position Title","District Key","VoteFor","Unit Name","Tally","81","057","Bronx","IN-PLAY","General Election 2020 - 11/03/2020",,"State Senator","34",1,"Alessandra Biaggi (Democratic)",231
"AD","ED","County","EDAD Status","Event","Party/Independent Body","Office/Position Title","District Key","VoteFor","Unit Name","Tally","81","057","Bronx","IN-PLAY","General Election 2020 - 11/03/2020",,"State Senator","34",1,"James B. Gisondi (Republican)",86
"AD","ED","County","EDAD Status","Event","Party/Independent Body","Office/Position Title","District Key","VoteFor","Unit Name","Tally","81","057","Bronx","IN-PLAY","General Election 2020 - 11/03/2020",,"State Senator","34",1,"Antonio Vitiello (Conservative)",21
"AD","ED","County","EDAD Status","Event","Party/Independent Body","Office/Position Title","District Key","VoteFor","Unit Name","Tally","81","057","Bronx","IN-PLAY","General Election 2020 - 11/03/2020",,"State Senator","34",1,"Alessandra Biaggi (Working Families)",36
"AD","ED","County","EDAD Status","Event","Party/Independent Body","Office/Position Title","District Key","VoteFor","Unit Name","Tally","81","058","Bronx","IN-PLAY","General Election 2020 - 11/03/2020",,"State Senator","34",1,"Public Counter",360
"AD","ED","County","EDAD Status","Event","Party/Independent Body","Office/Position Title","District Key","VoteFor","Unit Name","Tally","81","058","Bronx","IN-PLAY","General Election 2020 - 11/03/2020",,"State Senator","34",1,"Manually Counted Emergency",0
"AD","ED","County","EDAD Status","Event","Party/Independent Body","Office/Position Title","District Key","VoteFor","Unit Name","Tally","81","058","Bronx","IN-PLAY","General Election 2020 - 11/03/2020",,"State Senator","34",1,"Absentee / Military",164
"AD","ED","County","EDAD Status","Event","Party/Independent Body","Office/Position Title","District Key","VoteFor","Unit Name","Tally","81","058","Bronx","IN-PLAY","General Election 2020 - 11/03/2020",,"State Senator","34",1,"Federal",3
"AD","ED","County","EDAD Status","Event","Party/Independent Body","Office/Position Title","District Key","VoteFor","Unit Name","Tally","81","058","Bronx","IN-PLAY","General Election 2020 - 11/03/2020",,"State Senator","34",1,"Special Presidential",0
"AD","ED","County","EDAD Status","Event","Party/Independent Body","Office/Position Title","District Key","VoteFor","Unit Name","Tally","81","058","Bronx","IN-PLAY","General Election 2020 - 11/03/2020",,"State Senator","34",1,"Affidavit",5
"AD","ED","County","EDAD Status","Event","Party/Independent Body","Office/Position Title","District Key","VoteFor","Unit Name","Tally","81","058","Bronx","IN-PLAY","General Election 2020 - 11/03/2020",,"State Senator","34",1,"Alessandra Biaggi (Democratic)",347
"AD","ED","County","EDAD Status","Event","Party/Independent Body","Office/Position Title","District Key","VoteFor","Unit Name","Tally","81","058","Bronx","IN-PLAY","General Election 2020 - 11/03/2020",,"State Senator","34",1,"James B. Gisondi (Republican)",87
"AD","ED","County","EDAD Status","Event","Party/Independent Body","Office/Position Title","District Key","VoteFor","Unit Name","Tally","81","058","Bronx","IN-PLAY","General Election 2020 - 11/03/2020",,"State Senator","34",1,"Antonio Vitiello (Conservative)",21
"AD","ED","County","EDAD Status","Event","Party/Independent Body","Office/Position Title","District Key","VoteFor","Unit Name","Tally","81","058","Bronx","IN-PLAY","General Election 2020 - 11/03/2020",,"State Senator","34",1,"Alessandra Biaggi (Working Families)",43
"AD","ED","County","EDAD Status","Event","Party/Independent Body","Office/Position Title","District Key","VoteFor","Unit Name","Tally","81","059","Bronx","IN-PLAY","General Election 2020 - 11/03/2020",,"State Senator","34",1,"Public Counter",314
"AD","ED","County","EDAD Status","Event","Party/Independent Body","Office/Position Title","District Key","VoteFor","Unit Name","Tally","81","059","Bronx","IN-PLAY","General Election 2020 - 11/03/2020",,"State Senator","34",1,"Manually Counted Emergency",0
"AD","ED","County","EDAD Status","Event","Party/Independent Body","Office/Position Title","District Key","VoteFor","Unit Name","Tally","81","059","Bronx","IN-PLAY","General Election 2020 - 11/03/2020",,"State Senator","34",1,"Absentee / Military",122
"AD","ED","County","EDAD Status","Event","Party/Independent Body","Office/Position Title","District Key","VoteFor","Unit Name","Tally","81","059","Bronx","IN-PLAY","General Election 2020 - 11/03/2020",,"State Senator","34",1,"Federal",12
"AD","ED","County","EDAD Status","Event","Party/Independent Body","Office/Position Title","District Key","VoteFor","Unit Name","Tally","81","059","Bronx","IN-PLAY","General Election 2020 - 11/03/2020",,"State Senator","34",1,"Special Presidential",0
"AD","ED","County","EDAD Status","Event","Party/Independent Body","Office/Position Title","District Key","VoteFor","Unit Name","Tally","81","059","Bronx","IN-PLAY","General Election 2020 - 11/03/2020",,"State Senator","34",1,"Affidavit",5
"AD","ED","County","EDAD Status","Event","Party/Independent Body","Office/Position Title","District Key","VoteFor","Unit Name","Tally","81","059","Bronx","IN-PLAY","General Election 2020 - 11/03/2020",,"State Senator","34",1,"Alessandra Biaggi (Democratic)",250
"AD","ED","County","EDAD Status","Event","Party/Independent Body","Office/Position Title","District Key","VoteFor","Unit Name","Tally","81","059","Bronx","IN-PLAY","General Election 2020 - 11/03/2020",,"State Senator","34",1,"James B. Gisondi (Republican)",126
"AD","ED","County","EDAD Status","Event","Party/Independent Body","Office/Position Title","District Key","VoteFor","Unit Name","Tally","81","059","Bronx","IN-PLAY","General Election 2020 - 11/03/2020",,"State Senator","34",1,"Antonio Vitiello (Conservative)",17
"AD","ED","County","EDAD Status","Event","Party/Independent Body","Office/Position Title","District Key","VoteFor","Unit Name","Tally","81","059","Bronx","IN-PLAY","General Election 2020 - 11/03/2020",,"State Senator","34",1,"Alessandra Biaggi (Working Families)",42
"AD","ED","County","EDAD Status","Event","Party/Independent Body","Office/Position Title","District Key","VoteFor","Unit Name","Tally","81","060","Bronx","IN-PLAY","General Election 2020 - 11/03/2020",,"State Senator","34",1,"Public Counter",409
"AD","ED","County","EDAD Status","Event","Party/Independent Body","Office/Position Title","District Key","VoteFor","Unit Name","Tally","81","060","Bronx","IN-PLAY","General Election 2020 - 11/03/2020",,"State Senator","34",1,"Manually Counted Emergency",0
"AD","ED","County","EDAD Status","Event","Party/Independent Body","Office/Position Title","District Key","VoteFor","Unit Name","Tally","81","060","Bronx","IN-PLAY","General Election 2020 - 11/03/2020",,"State Senator","34",1,"Absentee / Military",142
"AD","ED","County","EDAD Status","Event","Party/Independent Body","Office/Position Title","District Key","VoteFor","Unit Name","Tally","81","060","Bronx","IN-PLAY","General Election 2020 - 11/03/2020",,"State Senator","34",1,"Federal",5
"AD","ED","County","EDAD Status","Event","Party/Independent Body","Office/Position Title","District Key","VoteFor","Unit Name","Tally","81","060","Bronx","IN-PLAY","General Election 2020 - 11/03/2020",,"State Senator","34",1,"Special Presidential",0
"AD","ED","County","EDAD Status","Event","Party/Independent Body","Office/Position Title","District Key","VoteFor","Unit Name","Tally","81","060","Bronx","IN-PLAY","General Election 2020 - 11/03/2020",,"State Senator","34",1,"Affidavit",5
"AD","ED","County","EDAD Status","Event","Party/Independent Body","Office/Position Title","District Key","VoteFor","Unit Name","Tally","81","060","Bronx","IN-PLAY","General Election 2020 - 11/03/2020",,"State Senator","34",1,"Alessandra Biaggi (Democratic)",353
"AD","ED","County","EDAD Status","Event","Party/Independent Body","Office/Position Title","District Key","VoteFor","Unit Name","Tally","81","060","Bronx","IN-PLAY","General Election 2020 - 11/03/2020",,"State Senator","34",1,"James B. Gisondi (Republican)",115
"AD","ED","County","EDAD Status","Event","Party/Independent Body","Office/Position Title","District Key","VoteFor","Unit Name","Tally","81","060","Bronx","IN-PLAY","General Election 2020 - 11/03/2020",,"State Senator","34",1,"Antonio Vitiello (Conservative)",29
"AD","ED","County","EDAD Status","Event","Party/Independent Body","Office/Position Title","District Key","VoteFor","Unit Name","Tally","81","060","Bronx","IN-PLAY","General Election 2020 - 11/03/2020",,"State Senator","34",1,"Alessandra Biaggi (Working Families)",42
"AD","ED","County","EDAD Status","Event","Party/Independent Body","Office/Position Title","District Key","VoteFor","Unit Name","Tally","81","060","Bronx","IN-PLAY","General Election 2020 - 11/03/2020",,"State Senator","34",1,"Scattered",2
"AD","ED","County","EDAD Status","Event","Party/Independent Body","Office/Position Title","District Key","VoteFor","Unit Name","Tally","81","061","Bronx","IN-PLAY","General Election 2020 - 11/03/2020",,"State Senator","34",1,"Public Counter",192
"AD","ED","County","EDAD Status","Event","Party/Independent Body","Office/Position Title","District Key","VoteFor","Unit Name","Tally","81","061","Bronx","IN-PLAY","General Election 2020 - 11/03/2020",,"State Senator","34",1,"Manually Counted Emergency",0
"AD","ED","County","EDAD Status","Event","Party/Independent Body","Office/Position Title","District Key","VoteFor","Unit Name","Tally","81","061","Bronx","IN-PLAY","General Election 2020 - 11/03/2020",,"State Senator","34",1,"Absentee / Military",109
"AD","ED","County","EDAD Status","Event","Party/Independent Body","Office/Position Title","District Key","VoteFor","Unit Name","Tally","81","061","Bronx","IN-PLAY","General Election 2020 - 11/03/2020",,"State Senator","34",1,"Federal",3
"AD","ED","County","EDAD Status","Event","Party/Independent Body","Office/Position Title","District Key","VoteFor","Unit Name","Tally","81","061","Bronx","IN-PLAY","General Election 2020 - 11/03/2020",,"State Senator","34",1,"Special Presidential",0
"AD","ED","County","EDAD Status","Event","Party/Independent Body","Office/Position Title","District Key","VoteFor","Unit Name","Tally","81","061","Bronx","IN-PLAY","General Election 2020 - 11/03/2020",,"State Senator","34",1,"Affidavit",4
"AD","ED","County","EDAD Status","Event","Party/Independent Body","Office/Position Title","District Key","VoteFor","Unit Name","Tally","81","061","Bronx","IN-PLAY","General Election 2020 - 11/03/2020",,"State Senator","34",1,"Alessandra Biaggi (Democratic)",203
"AD","ED","County","EDAD Status","Event","Party/Independent Body","Office/Position Title","District Key","VoteFor","Unit Name","Tally","81","061","Bronx","IN-PLAY","General Election 2020 - 11/03/2020",,"State Senator","34",1,"James B. Gisondi (Republican)",65
"AD","ED","County","EDAD Status","Event","Party/Independent Body","Office/Position Title","District Key","VoteFor","Unit Name","Tally","81","061","Bronx","IN-PLAY","General Election 2020 - 11/03/2020",,"State Senator","34",1,"Antonio Vitiello (Conservative)",14
"AD","ED","County","EDAD Status","Event","Party/Independent Body","Office/Position Title","District Key","VoteFor","Unit Name","Tally","81","061","Bronx","IN-PLAY","General Election 2020 - 11/03/2020",,"State Senator","34",1,"Alessandra Biaggi (Working Families)",11
"AD","ED","County","EDAD Status","Event","Party/Independent Body","Office/Position Title","District Key","VoteFor","Unit Name","Tally","81","062","Bronx","IN-PLAY","General Election 2020 - 11/03/2020",,"State Senator","34",1,"Public Counter",367
"AD","ED","County","EDAD Status","Event","Party/Independent Body","Office/Position Title","District Key","VoteFor","Unit Name","Tally","81","062","Bronx","IN-PLAY","General Election 2020 - 11/03/2020",,"State Senator","34",1,"Manually Counted Emergency",0
"AD","ED","County","EDAD Status","Event","Party/Independent Body","Office/Position Title","District Key","VoteFor","Unit Name","Tally","81","062","Bronx","IN-PLAY","General Election 2020 - 11/03/2020",,"State Senator","34",1,"Absentee / Military",144
"AD","ED","County","EDAD Status","Event","Party/Independent Body","Office/Position Title","District Key","VoteFor","Unit Name","Tally","81","062","Bronx","IN-PLAY","General Election 2020 - 11/03/2020",,"State Senator","34",1,"Federal",10
"AD","ED","County","EDAD Status","Event","Party/Independent Body","Office/Position Title","District Key","VoteFor","Unit Name","Tally","81","062","Bronx","IN-PLAY","General Election 2020 - 11/03/2020",,"State Senator","34",1,"Special Presidential",0
"AD","ED","County","EDAD Status","Event","Party/Independent Body","Office/Position Title","District Key","VoteFor","Unit Name","Tally","81","062","Bronx","IN-PLAY","General Election 2020 - 11/03/2020",,"State Senator","34",1,"Affidavit",2
"AD","ED","County","EDAD Status","Event","Party/Independent Body","Office/Position Title","District Key","VoteFor","Unit Name","Tally","81","062","Bronx","IN-PLAY","General Election 2020 - 11/03/2020",,"State Senator","34",1,"Alessandra Biaggi (Democratic)",380
"AD","ED","County","EDAD Status","Event","Party/Independent Body","Office/Position Title","District Key","VoteFor","Unit Name","Tally","81","062","Bronx","IN-PLAY","General Election 2020 - 11/03/2020",,"State Senator","34",1,"James B. Gisondi (Republican)",58
"AD","ED","County","EDAD Status","Event","Party/Independent Body","Office/Position Title","District Key","VoteFor","Unit Name","Tally","81","062","Bronx","IN-PLAY","General Election 2020 - 11/03/2020",,"State Senator","34",1,"Antonio Vitiello (Conservative)",19
"AD","ED","County","EDAD Status","Event","Party/Independent Body","Office/Position Title","District Key","VoteFor","Unit Name","Tally","81","062","Bronx","IN-PLAY","General Election 2020 - 11/03/2020",,"State Senator","34",1,"Alessandra Biaggi (Working Families)",41
"AD","ED","County","EDAD Status","Event","Party/Independent Body","Office/Position Title","District Key","VoteFor","Unit Name","Tally","81","062","Bronx","IN-PLAY","General Election 2020 - 11/03/2020",,"State Senator","34",1,"Scattered",2
"AD","ED","County","EDAD Status","Event","Party/Independent Body","Office/Position Title","District Key","VoteFor","Unit Name","Tally","81","063","Bronx","IN-PLAY","General Election 2020 - 11/03/2020",,"State Senator","34",1,"Public Counter",353
"AD","ED","County","EDAD Status","Event","Party/Independent Body","Office/Position Title","District Key","VoteFor","Unit Name","Tally","81","063","Bronx","IN-PLAY","General Election 2020 - 11/03/2020",,"State Senator","34",1,"Manually Counted Emergency",0
"AD","ED","County","EDAD Status","Event","Party/Independent Body","Office/Position Title","District Key","VoteFor","Unit Name","Tally","81","063","Bronx","IN-PLAY","General Election 2020 - 11/03/2020",,"State Senator","34",1,"Absentee / Military",167
"AD","ED","County","EDAD Status","Event","Party/Independent Body","Office/Position Title","District Key","VoteFor","Unit Name","Tally","81","063","Bronx","IN-PLAY","General Election 2020 - 11/03/2020",,"State Senator","34",1,"Federal",6
"AD","ED","County","EDAD Status","Event","Party/Independent Body","Office/Position Title","District Key","VoteFor","Unit Name","Tally","81","063","Bronx","IN-PLAY","General Election 2020 - 11/03/2020",,"State Senator","34",1,"Special Presidential",0
"AD","ED","County","EDAD Status","Event","Party/Independent Body","Office/Position Title","District Key","VoteFor","Unit Name","Tally","81","063","Bronx","IN-PLAY","General Election 2020 - 11/03/2020",,"State Senator","34",1,"Affidavit",2
"AD","ED","County","EDAD Status","Event","Party/Independent Body","Office/Position Title","District Key","VoteFor","Unit Name","Tally","81","063","Bronx","IN-PLAY","General Election 2020 - 11/03/2020",,"State Senator","34",1,"Alessandra Biaggi (Democratic)",297
"AD","ED","County","EDAD Status","Event","Party/Independent Body","Office/Position Title","District Key","VoteFor","Unit Name","Tally","81","063","Bronx","IN-PLAY","General Election 2020 - 11/03/2020",,"State Senator","34",1,"James B. Gisondi (Republican)",126
"AD","ED","County","EDAD Status","Event","Party/Independent Body","Office/Position Title","District Key","VoteFor","Unit Name","Tally","81","063","Bronx","IN-PLAY","General Election 2020 - 11/03/2020",,"State Senator","34",1,"Antonio Vitiello (Conservative)",26
"AD","ED","County","EDAD Status","Event","Party/Independent Body","Office/Position Title","District Key","VoteFor","Unit Name","Tally","81","063","Bronx","IN-PLAY","General Election 2020 - 11/03/2020",,"State Senator","34",1,"Alessandra Biaggi (Working Families)",50
"AD","ED","County","EDAD Status","Event","Party/Independent Body","Office/Position Title","District Key","VoteFor","Unit Name","Tally","81","064","Bronx","IN-PLAY","General Election 2020 - 11/03/2020",,"State Senator","34",1,"Public Counter",616
"AD","ED","County","EDAD Status","Event","Party/Independent Body","Office/Position Title","District Key","VoteFor","Unit Name","Tally","81","064","Bronx","IN-PLAY","General Election 2020 - 11/03/2020",,"State Senator","34",1,"Manually Counted Emergency",0
"AD","ED","County","EDAD Status","Event","Party/Independent Body","Office/Position Title","District Key","VoteFor","Unit Name","Tally","81","064","Bronx","IN-PLAY","General Election 2020 - 11/03/2020",,"State Senator","34",1,"Absentee / Military",258
"AD","ED","County","EDAD Status","Event","Party/Independent Body","Office/Position Title","District Key","VoteFor","Unit Name","Tally","81","064","Bronx","IN-PLAY","General Election 2020 - 11/03/2020",,"State Senator","34",1,"Federal",10
"AD","ED","County","EDAD Status","Event","Party/Independent Body","Office/Position Title","District Key","VoteFor","Unit Name","Tally","81","064","Bronx","IN-PLAY","General Election 2020 - 11/03/2020",,"State Senator","34",1,"Special Presidential",0
"AD","ED","County","EDAD Status","Event","Party/Independent Body","Office/Position Title","District Key","VoteFor","Unit Name","Tally","81","064","Bronx","IN-PLAY","General Election 2020 - 11/03/2020",,"State Senator","34",1,"Affidavit",4
"AD","ED","County","EDAD Status","Event","Party/Independent Body","Office/Position Title","District Key","VoteFor","Unit Name","Tally","81","064","Bronx","IN-PLAY","General Election 2020 - 11/03/2020",,"State Senator","34",1,"Alessandra Biaggi (Democratic)",681
"AD","ED","County","EDAD Status","Event","Party/Independent Body","Office/Position Title","District Key","VoteFor","Unit Name","Tally","81","064","Bronx","IN-PLAY","General Election 2020 - 11/03/2020",,"State Senator","34",1,"James B. Gisondi (Republican)",110
"AD","ED","County","EDAD Status","Event","Party/Independent Body","Office/Position Title","District Key","VoteFor","Unit Name","Tally","81","064","Bronx","IN-PLAY","General Election 2020 - 11/03/2020",,"State Senator","34",1,"Antonio Vitiello (Conservative)",19
"AD","ED","County","EDAD Status","Event","Party/Independent Body","Office/Position Title","District Key","VoteFor","Unit Name","Tally","81","064","Bronx","IN-PLAY","General Election 2020 - 11/03/2020",,"State Senator","34",1,"Alessandra Biaggi (Working Families)",50
"AD","ED","County","EDAD Status","Event","Party/Independent Body","Office/Position Title","District Key","VoteFor","Unit Name","Tally","81","065","Bronx","IN-PLAY","General Election 2020 - 11/03/2020",,"State Senator","34",1,"Public Counter",465
"AD","ED","County","EDAD Status","Event","Party/Independent Body","Office/Position Title","District Key","VoteFor","Unit Name","Tally","81","065","Bronx","IN-PLAY","General Election 2020 - 11/03/2020",,"State Senator","34",1,"Manually Counted Emergency",0
"AD","ED","County","EDAD Status","Event","Party/Independent Body","Office/Position Title","District Key","VoteFor","Unit Name","Tally","81","065","Bronx","IN-PLAY","General Election 2020 - 11/03/2020",,"State Senator","34",1,"Absentee / Military",188
"AD","ED","County","EDAD Status","Event","Party/Independent Body","Office/Position Title","District Key","VoteFor","Unit Name","Tally","81","065","Bronx","IN-PLAY","General Election 2020 - 11/03/2020",,"State Senator","34",1,"Federal",5
"AD","ED","County","EDAD Status","Event","Party/Independent Body","Office/Position Title","District Key","VoteFor","Unit Name","Tally","81","065","Bronx","IN-PLAY","General Election 2020 - 11/03/2020",,"State Senator","34",1,"Special Presidential",0
"AD","ED","County","EDAD Status","Event","Party/Independent Body","Office/Position Title","District Key","VoteFor","Unit Name","Tally","81","065","Bronx","IN-PLAY","General Election 2020 - 11/03/2020",,"State Senator","34",1,"Affidavit",7
"AD","ED","County","EDAD Status","Event","Party/Independent Body","Office/Position Title","District Key","VoteFor","Unit Name","Tally","81","065","Bronx","IN-PLAY","General Election 2020 - 11/03/2020",,"State Senator","34",1,"Alessandra Biaggi (Democratic)",432
"AD","ED","County","EDAD Status","Event","Party/Independent Body","Office/Position Title","District Key","VoteFor","Unit Name","Tally","81","065","Bronx","IN-PLAY","General Election 2020 - 11/03/2020",,"State Senator","34",1,"James B. Gisondi (Republican)",116
"AD","ED","County","EDAD Status","Event","Party/Independent Body","Office/Position Title","District Key","VoteFor","Unit Name","Tally","81","065","Bronx","IN-PLAY","General Election 2020 - 11/03/2020",,"State Senator","34",1,"Antonio Vitiello (Conservative)",32
"AD","ED","County","EDAD Status","Event","Party/Independent Body","Office/Position Title","District Key","VoteFor","Unit Name","Tally","81","065","Bronx","IN-PLAY","General Election 2020 - 11/03/2020",,"State Senator","34",1,"Alessandra Biaggi (Working Families)",54
"AD","ED","County","EDAD Status","Event","Party/Independent Body","Office/Position Title","District Key","VoteFor","Unit Name","Tally","81","066","Bronx","IN-PLAY","General Election 2020 - 11/03/2020",,"State Senator","34",1,"Public Counter",197
"AD","ED","County","EDAD Status","Event","Party/Independent Body","Office/Position Title","District Key","VoteFor","Unit Name","Tally","81","066","Bronx","IN-PLAY","General Election 2020 - 11/03/2020",,"State Senator","34",1,"Manually Counted Emergency",0
"AD","ED","County","EDAD Status","Event","Party/Independent Body","Office/Position Title","District Key","VoteFor","Unit Name","Tally","81","066","Bronx","IN-PLAY","General Election 2020 - 11/03/2020",,"State Senator","34",1,"Absentee / Military",143
"AD","ED","County","EDAD Status","Event","Party/Independent Body","Office/Position Title","District Key","VoteFor","Unit Name","Tally","81","066","Bronx","IN-PLAY","General Election 2020 - 11/03/2020",,"State Senator","34",1,"Federal",6
"AD","ED","County","EDAD Status","Event","Party/Independent Body","Office/Position Title","District Key","VoteFor","Unit Name","Tally","81","066","Bronx","IN-PLAY","General Election 2020 - 11/03/2020",,"State Senator","34",1,"Special Presidential",0
"AD","ED","County","EDAD Status","Event","Party/Independent Body","Office/Position Title","District Key","VoteFor","Unit Name","Tally","81","066","Bronx","IN-PLAY","General Election 2020 - 11/03/2020",,"State Senator","34",1,"Affidavit",2
"AD","ED","County","EDAD Status","Event","Party/Independent Body","Office/Position Title","District Key","VoteFor","Unit Name","Tally","81","066","Bronx","IN-PLAY","General Election 2020 - 11/03/2020",,"State Senator","34",1,"Alessandra Biaggi (Democratic)",199
"AD","ED","County","EDAD Status","Event","Party/Independent Body","Office/Position Title","District Key","VoteFor","Unit Name","Tally","81","066","Bronx","IN-PLAY","General Election 2020 - 11/03/2020",,"State Senator","34",1,"James B. Gisondi (Republican)",91
"AD","ED","County","EDAD Status","Event","Party/Independent Body","Office/Position Title","District Key","VoteFor","Unit Name","Tally","81","066","Bronx","IN-PLAY","General Election 2020 - 11/03/2020",,"State Senator","34",1,"Antonio Vitiello (Conservative)",13
"AD","ED","County","EDAD Status","Event","Party/Independent Body","Office/Position Title","District Key","VoteFor","Unit Name","Tally","81","066","Bronx","IN-PLAY","General Election 2020 - 11/03/2020",,"State Senator","34",1,"Alessandra Biaggi (Working Families)",30
"AD","ED","County","EDAD Status","Event","Party/Independent Body","Office/Position Title","District Key","VoteFor","Unit Name","Tally","81","066","Bronx","IN-PLAY","General Election 2020 - 11/03/2020",,"State Senator","34",1,"Scattered",1
"AD","ED","County","EDAD Status","Event","Party/Independent Body","Office/Position Title","District Key","VoteFor","Unit Name","Tally","81","067","Bronx","IN-PLAY","General Election 2020 - 11/03/2020",,"State Senator","34",1,"Public Counter",253
"AD","ED","County","EDAD Status","Event","Party/Independent Body","Office/Position Title","District Key","VoteFor","Unit Name","Tally","81","067","Bronx","IN-PLAY","General Election 2020 - 11/03/2020",,"State Senator","34",1,"Manually Counted Emergency",0
"AD","ED","County","EDAD Status","Event","Party/Independent Body","Office/Position Title","District Key","VoteFor","Unit Name","Tally","81","067","Bronx","IN-PLAY","General Election 2020 - 11/03/2020",,"State Senator","34",1,"Absentee / Military",150
"AD","ED","County","EDAD Status","Event","Party/Independent Body","Office/Position Title","District Key","VoteFor","Unit Name","Tally","81","067","Bronx","IN-PLAY","General Election 2020 - 11/03/2020",,"State Senator","34",1,"Federal",4
"AD","ED","County","EDAD Status","Event","Party/Independent Body","Office/Position Title","District Key","VoteFor","Unit Name","Tally","81","067","Bronx","IN-PLAY","General Election 2020 - 11/03/2020",,"State Senator","34",1,"Special Presidential",0
"AD","ED","County","EDAD Status","Event","Party/Independent Body","Office/Position Title","District Key","VoteFor","Unit Name","Tally","81","067","Bronx","IN-PLAY","General Election 2020 - 11/03/2020",,"State Senator","34",1,"Affidavit",0
"AD","ED","County","EDAD Status","Event","Party/Independent Body","Office/Position Title","District Key","VoteFor","Unit Name","Tally","81","067","Bronx","IN-PLAY","General Election 2020 - 11/03/2020",,"State Senator","34",1,"Alessandra Biaggi (Democratic)",275
"AD","ED","County","EDAD Status","Event","Party/Independent Body","Office/Position Title","District Key","VoteFor","Unit Name","Tally","81","067","Bronx","IN-PLAY","General Election 2020 - 11/03/2020",,"State Senator","34",1,"James B. Gisondi (Republican)",68
"AD","ED","County","EDAD Status","Event","Party/Independent Body","Office/Position Title","District Key","VoteFor","Unit Name","Tally","81","067","Bronx","IN-PLAY","General Election 2020 - 11/03/2020",,"State Senator","34",1,"Antonio Vitiello (Conservative)",11
"AD","ED","County","EDAD Status","Event","Party/Independent Body","Office/Position Title","District Key","VoteFor","Unit Name","Tally","81","067","Bronx","IN-PLAY","General Election 2020 - 11/03/2020",,"State Senator","34",1,"Alessandra Biaggi (Working Families)",40
"AD","ED","County","EDAD Status","Event","Party/Independent Body","Office/Position Title","District Key","VoteFor","Unit Name","Tally","81","067","Bronx","IN-PLAY","General Election 2020 - 11/03/2020",,"State Senator","34",1,"Scattered",1
"AD","ED","County","EDAD Status","Event","Party/Independent Body","Office/Position Title","District Key","VoteFor","Unit Name","Tally","81","068","Bronx","IN-PLAY","General Election 2020 - 11/03/2020",,"State Senator","34",1,"Public Counter",382
"AD","ED","County","EDAD Status","Event","Party/Independent Body","Office/Position Title","District Key","VoteFor","Unit Name","Tally","81","068","Bronx","IN-PLAY","General Election 2020 - 11/03/2020",,"State Senator","34",1,"Manually Counted Emergency",0
"AD","ED","County","EDAD Status","Event","Party/Independent Body","Office/Position Title","District Key","VoteFor","Unit Name","Tally","81","068","Bronx","IN-PLAY","General Election 2020 - 11/03/2020",,"State Senator","34",1,"Absentee / Military",191
"AD","ED","County","EDAD Status","Event","Party/Independent Body","Office/Position Title","District Key","VoteFor","Unit Name","Tally","81","068","Bronx","IN-PLAY","General Election 2020 - 11/03/2020",,"State Senator","34",1,"Federal",19
"AD","ED","County","EDAD Status","Event","Party/Independent Body","Office/Position Title","District Key","VoteFor","Unit Name","Tally","81","068","Bronx","IN-PLAY","General Election 2020 - 11/03/2020",,"State Senator","34",1,"Special Presidential",0
"AD","ED","County","EDAD Status","Event","Party/Independent Body","Office/Position Title","District Key","VoteFor","Unit Name","Tally","81","068","Bronx","IN-PLAY","General Election 2020 - 11/03/2020",,"State Senator","34",1,"Affidavit",8
"AD","ED","County","EDAD Status","Event","Party/Independent Body","Office/Position Title","District Key","VoteFor","Unit Name","Tally","81","068","Bronx","IN-PLAY","General Election 2020 - 11/03/2020",,"State Senator","34",1,"Alessandra Biaggi (Democratic)",357
"AD","ED","County","EDAD Status","Event","Party/Independent Body","Office/Position Title","District Key","VoteFor","Unit Name","Tally","81","068","Bronx","IN-PLAY","General Election 2020 - 11/03/2020",,"State Senator","34",1,"James B. Gisondi (Republican)",122
"AD","ED","County","EDAD Status","Event","Party/Independent Body","Office/Position Title","District Key","VoteFor","Unit Name","Tally","81","068","Bronx","IN-PLAY","General Election 2020 - 11/03/2020",,"State Senator","34",1,"Antonio Vitiello (Conservative)",22
"AD","ED","County","EDAD Status","Event","Party/Independent Body","Office/Position Title","District Key","VoteFor","Unit Name","Tally","81","068","Bronx","IN-PLAY","General Election 2020 - 11/03/2020",,"State Senator","34",1,"Alessandra Biaggi (Working Families)",54
"AD","ED","County","EDAD Status","Event","Party/Independent Body","Office/Position Title","District Key","VoteFor","Unit Name","Tally","81","068","Bronx","IN-PLAY","General Election 2020 - 11/03/2020",,"State Senator","34",1,"Scattered",1
"AD","ED","County","EDAD Status","Event","Party/Independent Body","Office/Position Title","District Key","VoteFor","Unit Name","Tally","81","069","Bronx","IN-PLAY","General Election 2020 - 11/03/2020",,"State Senator","34",1,"Public Counter",448
"AD","ED","County","EDAD Status","Event","Party/Independent Body","Office/Position Title","District Key","VoteFor","Unit Name","Tally","81","069","Bronx","IN-PLAY","General Election 2020 - 11/03/2020",,"State Senator","34",1,"Manually Counted Emergency",0
"AD","ED","County","EDAD Status","Event","Party/Independent Body","Office/Position Title","District Key","VoteFor","Unit Name","Tally","81","069","Bronx","IN-PLAY","General Election 2020 - 11/03/2020",,"State Senator","34",1,"Absentee / Military",292
"AD","ED","County","EDAD Status","Event","Party/Independent Body","Office/Position Title","District Key","VoteFor","Unit Name","Tally","81","069","Bronx","IN-PLAY","General Election 2020 - 11/03/2020",,"State Senator","34",1,"Federal",22
"AD","ED","County","EDAD Status","Event","Party/Independent Body","Office/Position Title","District Key","VoteFor","Unit Name","Tally","81","069","Bronx","IN-PLAY","General Election 2020 - 11/03/2020",,"State Senator","34",1,"Special Presidential",0
"AD","ED","County","EDAD Status","Event","Party/Independent Body","Office/Position Title","District Key","VoteFor","Unit Name","Tally","81","069","Bronx","IN-PLAY","General Election 2020 - 11/03/2020",,"State Senator","34",1,"Affidavit",4
"AD","ED","County","EDAD Status","Event","Party/Independent Body","Office/Position Title","District Key","VoteFor","Unit Name","Tally","81","069","Bronx","IN-PLAY","General Election 2020 - 11/03/2020",,"State Senator","34",1,"Alessandra Biaggi (Democratic)",487
"AD","ED","County","EDAD Status","Event","Party/Independent Body","Office/Position Title","District Key","VoteFor","Unit Name","Tally","81","069","Bronx","IN-PLAY","General Election 2020 - 11/03/2020",,"State Senator","34",1,"James B. Gisondi (Republican)",164
"AD","ED","County","EDAD Status","Event","Party/Independent Body","Office/Position Title","District Key","VoteFor","Unit Name","Tally","81","069","Bronx","IN-PLAY","General Election 2020 - 11/03/2020",,"State Senator","34",1,"Antonio Vitiello (Conservative)",24
"AD","ED","County","EDAD Status","Event","Party/Independent Body","Office/Position Title","District Key","VoteFor","Unit Name","Tally","81","069","Bronx","IN-PLAY","General Election 2020 - 11/03/2020",,"State Senator","34",1,"Alessandra Biaggi (Working Families)",46
"AD","ED","County","EDAD Status","Event","Party/Independent Body","Office/Position Title","District Key","VoteFor","Unit Name","Tally","81","069","Bronx","IN-PLAY","General Election 2020 - 11/03/2020",,"State Senator","34",1,"Scattered",3
"AD","ED","County","EDAD Status","Event","Party/Independent Body","Office/Position Title","District Key","VoteFor","Unit Name","Tally","81","070","Bronx","IN-PLAY","General Election 2020 - 11/03/2020",,"State Senator","34",1,"Public Counter",115
"AD","ED","County","EDAD Status","Event","Party/Independent Body","Office/Position Title","District Key","VoteFor","Unit Name","Tally","81","070","Bronx","IN-PLAY","General Election 2020 - 11/03/2020",,"State Senator","34",1,"Manually Counted Emergency",0
"AD","ED","County","EDAD Status","Event","Party/Independent Body","Office/Position Title","District Key","VoteFor","Unit Name","Tally","81","070","Bronx","IN-PLAY","General Election 2020 - 11/03/2020",,"State Senator","34",1,"Absentee / Military",75
"AD","ED","County","EDAD Status","Event","Party/Independent Body","Office/Position Title","District Key","VoteFor","Unit Name","Tally","81","070","Bronx","IN-PLAY","General Election 2020 - 11/03/2020",,"State Senator","34",1,"Federal",5
"AD","ED","County","EDAD Status","Event","Party/Independent Body","Office/Position Title","District Key","VoteFor","Unit Name","Tally","81","070","Bronx","IN-PLAY","General Election 2020 - 11/03/2020",,"State Senator","34",1,"Special Presidential",0
"AD","ED","County","EDAD Status","Event","Party/Independent Body","Office/Position Title","District Key","VoteFor","Unit Name","Tally","81","070","Bronx","IN-PLAY","General Election 2020 - 11/03/2020",,"State Senator","34",1,"Affidavit",1
"AD","ED","County","EDAD Status","Event","Party/Independent Body","Office/Position Title","District Key","VoteFor","Unit Name","Tally","81","070","Bronx","IN-PLAY","General Election 2020 - 11/03/2020",,"State Senator","34",1,"Alessandra Biaggi (Democratic)",131
"AD","ED","County","EDAD Status","Event","Party/Independent Body","Office/Position Title","District Key","VoteFor","Unit Name","Tally","81","070","Bronx","IN-PLAY","General Election 2020 - 11/03/2020",,"State Senator","34",1,"James B. Gisondi (Republican)",28
"AD","ED","County","EDAD Status","Event","Party/Independent Body","Office/Position Title","District Key","VoteFor","Unit Name","Tally","81","070","Bronx","IN-PLAY","General Election 2020 - 11/03/2020",,"State Senator","34",1,"Antonio Vitiello (Conservative)",5
"AD","ED","County","EDAD Status","Event","Party/Independent Body","Office/Position Title","District Key","VoteFor","Unit Name","Tally","81","070","Bronx","IN-PLAY","General Election 2020 - 11/03/2020",,"State Senator","34",1,"Alessandra Biaggi (Working Families)",20
"AD","ED","County","EDAD Status","Event","Party/Independent Body","Office/Position Title","District Key","VoteFor","Unit Name","Tally","81","071","Bronx","IN-PLAY","General Election 2020 - 11/03/2020",,"State Senator","34",1,"Public Counter",324
"AD","ED","County","EDAD Status","Event","Party/Independent Body","Office/Position Title","District Key","VoteFor","Unit Name","Tally","81","071","Bronx","IN-PLAY","General Election 2020 - 11/03/2020",,"State Senator","34",1,"Manually Counted Emergency",0
"AD","ED","County","EDAD Status","Event","Party/Independent Body","Office/Position Title","District Key","VoteFor","Unit Name","Tally","81","071","Bronx","IN-PLAY","General Election 2020 - 11/03/2020",,"State Senator","34",1,"Absentee / Military",148
"AD","ED","County","EDAD Status","Event","Party/Independent Body","Office/Position Title","District Key","VoteFor","Unit Name","Tally","81","071","Bronx","IN-PLAY","General Election 2020 - 11/03/2020",,"State Senator","34",1,"Federal",7
"AD","ED","County","EDAD Status","Event","Party/Independent Body","Office/Position Title","District Key","VoteFor","Unit Name","Tally","81","071","Bronx","IN-PLAY","General Election 2020 - 11/03/2020",,"State Senator","34",1,"Special Presidential",0
"AD","ED","County","EDAD Status","Event","Party/Independent Body","Office/Position Title","District Key","VoteFor","Unit Name","Tally","81","071","Bronx","IN-PLAY","General Election 2020 - 11/03/2020",,"State Senator","34",1,"Affidavit",1
"AD","ED","County","EDAD Status","Event","Party/Independent Body","Office/Position Title","District Key","VoteFor","Unit Name","Tally","81","071","Bronx","IN-PLAY","General Election 2020 - 11/03/2020",,"State Senator","34",1,"Alessandra Biaggi (Democratic)",313
"AD","ED","County","EDAD Status","Event","Party/Independent Body","Office/Position Title","District Key","VoteFor","Unit Name","Tally","81","071","Bronx","IN-PLAY","General Election 2020 - 11/03/2020",,"State Senator","34",1,"James B. Gisondi (Republican)",88
"AD","ED","County","EDAD Status","Event","Party/Independent Body","Office/Position Title","District Key","VoteFor","Unit Name","Tally","81","071","Bronx","IN-PLAY","General Election 2020 - 11/03/2020",,"State Senator","34",1,"Antonio Vitiello (Conservative)",6
"AD","ED","County","EDAD Status","Event","Party/Independent Body","Office/Position Title","District Key","VoteFor","Unit Name","Tally","81","071","Bronx","IN-PLAY","General Election 2020 - 11/03/2020",,"State Senator","34",1,"Alessandra Biaggi (Working Families)",38
"AD","ED","County","EDAD Status","Event","Party/Independent Body","Office/Position Title","District Key","VoteFor","Unit Name","Tally","81","072","Bronx","IN-PLAY","General Election 2020 - 11/03/2020",,"State Senator","34",1,"Public Counter",519
"AD","ED","County","EDAD Status","Event","Party/Independent Body","Office/Position Title","District Key","VoteFor","Unit Name","Tally","81","072","Bronx","IN-PLAY","General Election 2020 - 11/03/2020",,"State Senator","34",1,"Manually Counted Emergency",0
"AD","ED","County","EDAD Status","Event","Party/Independent Body","Office/Position Title","District Key","VoteFor","Unit Name","Tally","81","072","Bronx","IN-PLAY","General Election 2020 - 11/03/2020",,"State Senator","34",1,"Absentee / Military",218
"AD","ED","County","EDAD Status","Event","Party/Independent Body","Office/Position Title","District Key","VoteFor","Unit Name","Tally","81","072","Bronx","IN-PLAY","General Election 2020 - 11/03/2020",,"State Senator","34",1,"Federal",18
"AD","ED","County","EDAD Status","Event","Party/Independent Body","Office/Position Title","District Key","VoteFor","Unit Name","Tally","81","072","Bronx","IN-PLAY","General Election 2020 - 11/03/2020",,"State Senator","34",1,"Special Presidential",0
"AD","ED","County","EDAD Status","Event","Party/Independent Body","Office/Position Title","District Key","VoteFor","Unit Name","Tally","81","072","Bronx","IN-PLAY","General Election 2020 - 11/03/2020",,"State Senator","34",1,"Affidavit",7
"AD","ED","County","EDAD Status","Event","Party/Independent Body","Office/Position Title","District Key","VoteFor","Unit Name","Tally","81","072","Bronx","IN-PLAY","General Election 2020 - 11/03/2020",,"State Senator","34",1,"Alessandra Biaggi (Democratic)",489
"AD","ED","County","EDAD Status","Event","Party/Independent Body","Office/Position Title","District Key","VoteFor","Unit Name","Tally","81","072","Bronx","IN-PLAY","General Election 2020 - 11/03/2020",,"State Senator","34",1,"James B. Gisondi (Republican)",154
"AD","ED","County","EDAD Status","Event","Party/Independent Body","Office/Position Title","District Key","VoteFor","Unit Name","Tally","81","072","Bronx","IN-PLAY","General Election 2020 - 11/03/2020",,"State Senator","34",1,"Antonio Vitiello (Conservative)",27
"AD","ED","County","EDAD Status","Event","Party/Independent Body","Office/Position Title","District Key","VoteFor","Unit Name","Tally","81","072","Bronx","IN-PLAY","General Election 2020 - 11/03/2020",,"State Senator","34",1,"Alessandra Biaggi (Working Families)",50
"AD","ED","County","EDAD Status","Event","Party/Independent Body","Office/Position Title","District Key","VoteFor","Unit Name","Tally","81","073","Bronx","IN-PLAY","General Election 2020 - 11/03/2020",,"State Senator","34",1,"Public Counter",541
"AD","ED","County","EDAD Status","Event","Party/Independent Body","Office/Position Title","District Key","VoteFor","Unit Name","Tally","81","073","Bronx","IN-PLAY","General Election 2020 - 11/03/2020",,"State Senator","34",1,"Manually Counted Emergency",0
"AD","ED","County","EDAD Status","Event","Party/Independent Body","Office/Position Title","District Key","VoteFor","Unit Name","Tally","81","073","Bronx","IN-PLAY","General Election 2020 - 11/03/2020",,"State Senator","34",1,"Absentee / Military",274
"AD","ED","County","EDAD Status","Event","Party/Independent Body","Office/Position Title","District Key","VoteFor","Unit Name","Tally","81","073","Bronx","IN-PLAY","General Election 2020 - 11/03/2020",,"State Senator","34",1,"Federal",15
"AD","ED","County","EDAD Status","Event","Party/Independent Body","Office/Position Title","District Key","VoteFor","Unit Name","Tally","81","073","Bronx","IN-PLAY","General Election 2020 - 11/03/2020",,"State Senator","34",1,"Special Presidential",0
"AD","ED","County","EDAD Status","Event","Party/Independent Body","Office/Position Title","District Key","VoteFor","Unit Name","Tally","81","073","Bronx","IN-PLAY","General Election 2020 - 11/03/2020",,"State Senator","34",1,"Affidavit",5
"AD","ED","County","EDAD Status","Event","Party/Independent Body","Office/Position Title","District Key","VoteFor","Unit Name","Tally","81","073","Bronx","IN-PLAY","General Election 2020 - 11/03/2020",,"State Senator","34",1,"Alessandra Biaggi (Democratic)",560
"AD","ED","County","EDAD Status","Event","Party/Independent Body","Office/Position Title","District Key","VoteFor","Unit Name","Tally","81","073","Bronx","IN-PLAY","General Election 2020 - 11/03/2020",,"State Senator","34",1,"James B. Gisondi (Republican)",127
"AD","ED","County","EDAD Status","Event","Party/Independent Body","Office/Position Title","District Key","VoteFor","Unit Name","Tally","81","073","Bronx","IN-PLAY","General Election 2020 - 11/03/2020",,"State Senator","34",1,"Antonio Vitiello (Conservative)",31
"AD","ED","County","EDAD Status","Event","Party/Independent Body","Office/Position Title","District Key","VoteFor","Unit Name","Tally","81","073","Bronx","IN-PLAY","General Election 2020 - 11/03/2020",,"State Senator","34",1,"Alessandra Biaggi (Working Families)",57
"AD","ED","County","EDAD Status","Event","Party/Independent Body","Office/Position Title","District Key","VoteFor","Unit Name","Tally","81","073","Bronx","IN-PLAY","General Election 2020 - 11/03/2020",,"State Senator","34",1,"Scattered",3
"AD","ED","County","EDAD Status","Event","Party/Independent Body","Office/Position Title","District Key","VoteFor","Unit Name","Tally","81","074","Bronx","IN-PLAY","General Election 2020 - 11/03/2020",,"State Senator","34",1,"Public Counter",395
"AD","ED","County","EDAD Status","Event","Party/Independent Body","Office/Position Title","District Key","VoteFor","Unit Name","Tally","81","074","Bronx","IN-PLAY","General Election 2020 - 11/03/2020",,"State Senator","34",1,"Manually Counted Emergency",0
"AD","ED","County","EDAD Status","Event","Party/Independent Body","Office/Position Title","District Key","VoteFor","Unit Name","Tally","81","074","Bronx","IN-PLAY","General Election 2020 - 11/03/2020",,"State Senator","34",1,"Absentee / Military",147
"AD","ED","County","EDAD Status","Event","Party/Independent Body","Office/Position Title","District Key","VoteFor","Unit Name","Tally","81","074","Bronx","IN-PLAY","General Election 2020 - 11/03/2020",,"State Senator","34",1,"Federal",7
"AD","ED","County","EDAD Status","Event","Party/Independent Body","Office/Position Title","District Key","VoteFor","Unit Name","Tally","81","074","Bronx","IN-PLAY","General Election 2020 - 11/03/2020",,"State Senator","34",1,"Special Presidential",0
"AD","ED","County","EDAD Status","Event","Party/Independent Body","Office/Position Title","District Key","VoteFor","Unit Name","Tally","81","074","Bronx","IN-PLAY","General Election 2020 - 11/03/2020",,"State Senator","34",1,"Affidavit",2
"AD","ED","County","EDAD Status","Event","Party/Independent Body","Office/Position Title","District Key","VoteFor","Unit Name","Tally","81","074","Bronx","IN-PLAY","General Election 2020 - 11/03/2020",,"State Senator","34",1,"Alessandra Biaggi (Democratic)",350
"AD","ED","County","EDAD Status","Event","Party/Independent Body","Office/Position Title","District Key","VoteFor","Unit Name","Tally","81","074","Bronx","IN-PLAY","General Election 2020 - 11/03/2020",,"State Senator","34",1,"James B. Gisondi (Republican)",78
"AD","ED","County","EDAD Status","Event","Party/Independent Body","Office/Position Title","District Key","VoteFor","Unit Name","Tally","81","074","Bronx","IN-PLAY","General Election 2020 - 11/03/2020",,"State Senator","34",1,"Antonio Vitiello (Conservative)",15
"AD","ED","County","EDAD Status","Event","Party/Independent Body","Office/Position Title","District Key","VoteFor","Unit Name","Tally","81","074","Bronx","IN-PLAY","General Election 2020 - 11/03/2020",,"State Senator","34",1,"Alessandra Biaggi (Working Families)",65
"AD","ED","County","EDAD Status","Event","Party/Independent Body","Office/Position Title","District Key","VoteFor","Unit Name","Tally","81","074","Bronx","IN-PLAY","General Election 2020 - 11/03/2020",,"State Senator","34",1,"Scattered",2
"AD","ED","County","EDAD Status","Event","Party/Independent Body","Office/Position Title","District Key","VoteFor","Unit Name","Tally","81","075","Bronx","IN-PLAY","General Election 2020 - 11/03/2020",,"State Senator","34",1,"Public Counter",456
"AD","ED","County","EDAD Status","Event","Party/Independent Body","Office/Position Title","District Key","VoteFor","Unit Name","Tally","81","075","Bronx","IN-PLAY","General Election 2020 - 11/03/2020",,"State Senator","34",1,"Manually Counted Emergency",0
"AD","ED","County","EDAD Status","Event","Party/Independent Body","Office/Position Title","District Key","VoteFor","Unit Name","Tally","81","075","Bronx","IN-PLAY","General Election 2020 - 11/03/2020",,"State Senator","34",1,"Absentee / Military",193
"AD","ED","County","EDAD Status","Event","Party/Independent Body","Office/Position Title","District Key","VoteFor","Unit Name","Tally","81","075","Bronx","IN-PLAY","General Election 2020 - 11/03/2020",,"State Senator","34",1,"Federal",8
"AD","ED","County","EDAD Status","Event","Party/Independent Body","Office/Position Title","District Key","VoteFor","Unit Name","Tally","81","075","Bronx","IN-PLAY","General Election 2020 - 11/03/2020",,"State Senator","34",1,"Special Presidential",0
"AD","ED","County","EDAD Status","Event","Party/Independent Body","Office/Position Title","District Key","VoteFor","Unit Name","Tally","81","075","Bronx","IN-PLAY","General Election 2020 - 11/03/2020",,"State Senator","34",1,"Affidavit",5
"AD","ED","County","EDAD Status","Event","Party/Independent Body","Office/Position Title","District Key","VoteFor","Unit Name","Tally","81","075","Bronx","IN-PLAY","General Election 2020 - 11/03/2020",,"State Senator","34",1,"Alessandra Biaggi (Democratic)",460
"AD","ED","County","EDAD Status","Event","Party/Independent Body","Office/Position Title","District Key","VoteFor","Unit Name","Tally","81","075","Bronx","IN-PLAY","General Election 2020 - 11/03/2020",,"State Senator","34",1,"James B. Gisondi (Republican)",91
"AD","ED","County","EDAD Status","Event","Party/Independent Body","Office/Position Title","District Key","VoteFor","Unit Name","Tally","81","075","Bronx","IN-PLAY","General Election 2020 - 11/03/2020",,"State Senator","34",1,"Antonio Vitiello (Conservative)",18
"AD","ED","County","EDAD Status","Event","Party/Independent Body","Office/Position Title","District Key","VoteFor","Unit Name","Tally","81","075","Bronx","IN-PLAY","General Election 2020 - 11/03/2020",,"State Senator","34",1,"Alessandra Biaggi (Working Families)",68
"AD","ED","County","EDAD Status","Event","Party/Independent Body","Office/Position Title","District Key","VoteFor","Unit Name","Tally","81","075","Bronx","IN-PLAY","General Election 2020 - 11/03/2020",,"State Senator","34",1,"Scattered",1
"AD","ED","County","EDAD Status","Event","Party/Independent Body","Office/Position Title","District Key","VoteFor","Unit Name","Tally","81","076","Bronx","IN-PLAY","General Election 2020 - 11/03/2020",,"State Senator","34",1,"Public Counter",359
"AD","ED","County","EDAD Status","Event","Party/Independent Body","Office/Position Title","District Key","VoteFor","Unit Name","Tally","81","076","Bronx","IN-PLAY","General Election 2020 - 11/03/2020",,"State Senator","34",1,"Manually Counted Emergency",0
"AD","ED","County","EDAD Status","Event","Party/Independent Body","Office/Position Title","District Key","VoteFor","Unit Name","Tally","81","076","Bronx","IN-PLAY","General Election 2020 - 11/03/2020",,"State Senator","34",1,"Absentee / Military",180
"AD","ED","County","EDAD Status","Event","Party/Independent Body","Office/Position Title","District Key","VoteFor","Unit Name","Tally","81","076","Bronx","IN-PLAY","General Election 2020 - 11/03/2020",,"State Senator","34",1,"Federal",13
"AD","ED","County","EDAD Status","Event","Party/Independent Body","Office/Position Title","District Key","VoteFor","Unit Name","Tally","81","076","Bronx","IN-PLAY","General Election 2020 - 11/03/2020",,"State Senator","34",1,"Special Presidential",0
"AD","ED","County","EDAD Status","Event","Party/Independent Body","Office/Position Title","District Key","VoteFor","Unit Name","Tally","81","076","Bronx","IN-PLAY","General Election 2020 - 11/03/2020",,"State Senator","34",1,"Affidavit",0
"AD","ED","County","EDAD Status","Event","Party/Independent Body","Office/Position Title","District Key","VoteFor","Unit Name","Tally","81","076","Bronx","IN-PLAY","General Election 2020 - 11/03/2020",,"State Senator","34",1,"Alessandra Biaggi (Democratic)",370
"AD","ED","County","EDAD Status","Event","Party/Independent Body","Office/Position Title","District Key","VoteFor","Unit Name","Tally","81","076","Bronx","IN-PLAY","General Election 2020 - 11/03/2020",,"State Senator","34",1,"James B. Gisondi (Republican)",97
"AD","ED","County","EDAD Status","Event","Party/Independent Body","Office/Position Title","District Key","VoteFor","Unit Name","Tally","81","076","Bronx","IN-PLAY","General Election 2020 - 11/03/2020",,"State Senator","34",1,"Antonio Vitiello (Conservative)",18
"AD","ED","County","EDAD Status","Event","Party/Independent Body","Office/Position Title","District Key","VoteFor","Unit Name","Tally","81","076","Bronx","IN-PLAY","General Election 2020 - 11/03/2020",,"State Senator","34",1,"Alessandra Biaggi (Working Families)",36
"AD","ED","County","EDAD Status","Event","Party/Independent Body","Office/Position Title","District Key","VoteFor","Unit Name","Tally","81","077","Bronx","IN-PLAY","General Election 2020 - 11/03/2020",,"State Senator","34",1,"Public Counter",389
"AD","ED","County","EDAD Status","Event","Party/Independent Body","Office/Position Title","District Key","VoteFor","Unit Name","Tally","81","077","Bronx","IN-PLAY","General Election 2020 - 11/03/2020",,"State Senator","34",1,"Manually Counted Emergency",0
"AD","ED","County","EDAD Status","Event","Party/Independent Body","Office/Position Title","District Key","VoteFor","Unit Name","Tally","81","077","Bronx","IN-PLAY","General Election 2020 - 11/03/2020",,"State Senator","34",1,"Absentee / Military",136
"AD","ED","County","EDAD Status","Event","Party/Independent Body","Office/Position Title","District Key","VoteFor","Unit Name","Tally","81","077","Bronx","IN-PLAY","General Election 2020 - 11/03/2020",,"State Senator","34",1,"Federal",5
"AD","ED","County","EDAD Status","Event","Party/Independent Body","Office/Position Title","District Key","VoteFor","Unit Name","Tally","81","077","Bronx","IN-PLAY","General Election 2020 - 11/03/2020",,"State Senator","34",1,"Special Presidential",0
"AD","ED","County","EDAD Status","Event","Party/Independent Body","Office/Position Title","District Key","VoteFor","Unit Name","Tally","81","077","Bronx","IN-PLAY","General Election 2020 - 11/03/2020",,"State Senator","34",1,"Affidavit",6
"AD","ED","County","EDAD Status","Event","Party/Independent Body","Office/Position Title","District Key","VoteFor","Unit Name","Tally","81","077","Bronx","IN-PLAY","General Election 2020 - 11/03/2020",,"State Senator","34",1,"Alessandra Biaggi (Democratic)",350
"AD","ED","County","EDAD Status","Event","Party/Independent Body","Office/Position Title","District Key","VoteFor","Unit Name","Tally","81","077","Bronx","IN-PLAY","General Election 2020 - 11/03/2020",,"State Senator","34",1,"James B. Gisondi (Republican)",68
"AD","ED","County","EDAD Status","Event","Party/Independent Body","Office/Position Title","District Key","VoteFor","Unit Name","Tally","81","077","Bronx","IN-PLAY","General Election 2020 - 11/03/2020",,"State Senator","34",1,"Antonio Vitiello (Conservative)",10
"AD","ED","County","EDAD Status","Event","Party/Independent Body","Office/Position Title","District Key","VoteFor","Unit Name","Tally","81","077","Bronx","IN-PLAY","General Election 2020 - 11/03/2020",,"State Senator","34",1,"Alessandra Biaggi (Working Families)",76
"AD","ED","County","EDAD Status","Event","Party/Independent Body","Office/Position Title","District Key","VoteFor","Unit Name","Tally","81","077","Bronx","IN-PLAY","General Election 2020 - 11/03/2020",,"State Senator","34",1,"Scattered",2
"AD","ED","County","EDAD Status","Event","Party/Independent Body","Office/Position Title","District Key","VoteFor","Unit Name","Tally","81","078","Bronx","IN-PLAY","General Election 2020 - 11/03/2020",,"State Senator","34",1,"Public Counter",606
"AD","ED","County","EDAD Status","Event","Party/Independent Body","Office/Position Title","District Key","VoteFor","Unit Name","Tally","81","078","Bronx","IN-PLAY","General Election 2020 - 11/03/2020",,"State Senator","34",1,"Manually Counted Emergency",0
"AD","ED","County","EDAD Status","Event","Party/Independent Body","Office/Position Title","District Key","VoteFor","Unit Name","Tally","81","078","Bronx","IN-PLAY","General Election 2020 - 11/03/2020",,"State Senator","34",1,"Absentee / Military",224
"AD","ED","County","EDAD Status","Event","Party/Independent Body","Office/Position Title","District Key","VoteFor","Unit Name","Tally","81","078","Bronx","IN-PLAY","General Election 2020 - 11/03/2020",,"State Senator","34",1,"Federal",10
"AD","ED","County","EDAD Status","Event","Party/Independent Body","Office/Position Title","District Key","VoteFor","Unit Name","Tally","81","078","Bronx","IN-PLAY","General Election 2020 - 11/03/2020",,"State Senator","34",1,"Special Presidential",0
"AD","ED","County","EDAD Status","Event","Party/Independent Body","Office/Position Title","District Key","VoteFor","Unit Name","Tally","81","078","Bronx","IN-PLAY","General Election 2020 - 11/03/2020",,"State Senator","34",1,"Affidavit",3
"AD","ED","County","EDAD Status","Event","Party/Independent Body","Office/Position Title","District Key","VoteFor","Unit Name","Tally","81","078","Bronx","IN-PLAY","General Election 2020 - 11/03/2020",,"State Senator","34",1,"Alessandra Biaggi (Democratic)",573
"AD","ED","County","EDAD Status","Event","Party/Independent Body","Office/Position Title","District Key","VoteFor","Unit Name","Tally","81","078","Bronx","IN-PLAY","General Election 2020 - 11/03/2020",,"State Senator","34",1,"James B. Gisondi (Republican)",121
"AD","ED","County","EDAD Status","Event","Party/Independent Body","Office/Position Title","District Key","VoteFor","Unit Name","Tally","81","078","Bronx","IN-PLAY","General Election 2020 - 11/03/2020",,"State Senator","34",1,"Antonio Vitiello (Conservative)",22
"AD","ED","County","EDAD Status","Event","Party/Independent Body","Office/Position Title","District Key","VoteFor","Unit Name","Tally","81","078","Bronx","IN-PLAY","General Election 2020 - 11/03/2020",,"State Senator","34",1,"Alessandra Biaggi (Working Families)",82
"AD","ED","County","EDAD Status","Event","Party/Independent Body","Office/Position Title","District Key","VoteFor","Unit Name","Tally","81","078","Bronx","IN-PLAY","General Election 2020 - 11/03/2020",,"State Senator","34",1,"Scattered",3
"AD","ED","County","EDAD Status","Event","Party/Independent Body","Office/Position Title","District Key","VoteFor","Unit Name","Tally","81","079","Bronx","IN-PLAY","General Election 2020 - 11/03/2020",,"State Senator","34",1,"Public Counter",389
"AD","ED","County","EDAD Status","Event","Party/Independent Body","Office/Position Title","District Key","VoteFor","Unit Name","Tally","81","079","Bronx","IN-PLAY","General Election 2020 - 11/03/2020",,"State Senator","34",1,"Manually Counted Emergency",0
"AD","ED","County","EDAD Status","Event","Party/Independent Body","Office/Position Title","District Key","VoteFor","Unit Name","Tally","81","079","Bronx","IN-PLAY","General Election 2020 - 11/03/2020",,"State Senator","34",1,"Absentee / Military",264
"AD","ED","County","EDAD Status","Event","Party/Independent Body","Office/Position Title","District Key","VoteFor","Unit Name","Tally","81","079","Bronx","IN-PLAY","General Election 2020 - 11/03/2020",,"State Senator","34",1,"Federal",5
"AD","ED","County","EDAD Status","Event","Party/Independent Body","Office/Position Title","District Key","VoteFor","Unit Name","Tally","81","079","Bronx","IN-PLAY","General Election 2020 - 11/03/2020",,"State Senator","34",1,"Special Presidential",0
"AD","ED","County","EDAD Status","Event","Party/Independent Body","Office/Position Title","District Key","VoteFor","Unit Name","Tally","81","079","Bronx","IN-PLAY","General Election 2020 - 11/03/2020",,"State Senator","34",1,"Affidavit",2
"AD","ED","County","EDAD Status","Event","Party/Independent Body","Office/Position Title","District Key","VoteFor","Unit Name","Tally","81","079","Bronx","IN-PLAY","General Election 2020 - 11/03/2020",,"State Senator","34",1,"Alessandra Biaggi (Democratic)",445
"AD","ED","County","EDAD Status","Event","Party/Independent Body","Office/Position Title","District Key","VoteFor","Unit Name","Tally","81","079","Bronx","IN-PLAY","General Election 2020 - 11/03/2020",,"State Senator","34",1,"James B. Gisondi (Republican)",128
"AD","ED","County","EDAD Status","Event","Party/Independent Body","Office/Position Title","District Key","VoteFor","Unit Name","Tally","81","079","Bronx","IN-PLAY","General Election 2020 - 11/03/2020",,"State Senator","34",1,"Antonio Vitiello (Conservative)",25
"AD","ED","County","EDAD Status","Event","Party/Independent Body","Office/Position Title","District Key","VoteFor","Unit Name","Tally","81","079","Bronx","IN-PLAY","General Election 2020 - 11/03/2020",,"State Senator","34",1,"Alessandra Biaggi (Working Families)",40
"AD","ED","County","EDAD Status","Event","Party/Independent Body","Office/Position Title","District Key","VoteFor","Unit Name","Tally","81","080","Bronx","IN-PLAY","General Election 2020 - 11/03/2020",,"State Senator","34",1,"Public Counter",363
"AD","ED","County","EDAD Status","Event","Party/Independent Body","Office/Position Title","District Key","VoteFor","Unit Name","Tally","81","080","Bronx","IN-PLAY","General Election 2020 - 11/03/2020",,"State Senator","34",1,"Manually Counted Emergency",0
"AD","ED","County","EDAD Status","Event","Party/Independent Body","Office/Position Title","District Key","VoteFor","Unit Name","Tally","81","080","Bronx","IN-PLAY","General Election 2020 - 11/03/2020",,"State Senator","34",1,"Absentee / Military",257
"AD","ED","County","EDAD Status","Event","Party/Independent Body","Office/Position Title","District Key","VoteFor","Unit Name","Tally","81","080","Bronx","IN-PLAY","General Election 2020 - 11/03/2020",,"State Senator","34",1,"Federal",7
"AD","ED","County","EDAD Status","Event","Party/Independent Body","Office/Position Title","District Key","VoteFor","Unit Name","Tally","81","080","Bronx","IN-PLAY","General Election 2020 - 11/03/2020",,"State Senator","34",1,"Special Presidential",0
"AD","ED","County","EDAD Status","Event","Party/Independent Body","Office/Position Title","District Key","VoteFor","Unit Name","Tally","81","080","Bronx","IN-PLAY","General Election 2020 - 11/03/2020",,"State Senator","34",1,"Affidavit",0
"AD","ED","County","EDAD Status","Event","Party/Independent Body","Office/Position Title","District Key","VoteFor","Unit Name","Tally","81","080","Bronx","IN-PLAY","General Election 2020 - 11/03/2020",,"State Senator","34",1,"Alessandra Biaggi (Democratic)",456
"AD","ED","County","EDAD Status","Event","Party/Independent Body","Office/Position Title","District Key","VoteFor","Unit Name","Tally","81","080","Bronx","IN-PLAY","General Election 2020 - 11/03/2020",,"State Senator","34",1,"James B. Gisondi (Republican)",73
"AD","ED","County","EDAD Status","Event","Party/Independent Body","Office/Position Title","District Key","VoteFor","Unit Name","Tally","81","080","Bronx","IN-PLAY","General Election 2020 - 11/03/2020",,"State Senator","34",1,"Antonio Vitiello (Conservative)",17
"AD","ED","County","EDAD Status","Event","Party/Independent Body","Office/Position Title","District Key","VoteFor","Unit Name","Tally","81","080","Bronx","IN-PLAY","General Election 2020 - 11/03/2020",,"State Senator","34",1,"Alessandra Biaggi (Working Families)",54
"AD","ED","County","EDAD Status","Event","Party/Independent Body","Office/Position Title","District Key","VoteFor","Unit Name","Tally","81","081","Bronx","IN-PLAY","General Election 2020 - 11/03/2020",,"State Senator","34",1,"Public Counter",362
"AD","ED","County","EDAD Status","Event","Party/Independent Body","Office/Position Title","District Key","VoteFor","Unit Name","Tally","81","081","Bronx","IN-PLAY","General Election 2020 - 11/03/2020",,"State Senator","34",1,"Manually Counted Emergency",0
"AD","ED","County","EDAD Status","Event","Party/Independent Body","Office/Position Title","District Key","VoteFor","Unit Name","Tally","81","081","Bronx","IN-PLAY","General Election 2020 - 11/03/2020",,"State Senator","34",1,"Absentee / Military",131
"AD","ED","County","EDAD Status","Event","Party/Independent Body","Office/Position Title","District Key","VoteFor","Unit Name","Tally","81","081","Bronx","IN-PLAY","General Election 2020 - 11/03/2020",,"State Senator","34",1,"Federal",5
"AD","ED","County","EDAD Status","Event","Party/Independent Body","Office/Position Title","District Key","VoteFor","Unit Name","Tally","81","081","Bronx","IN-PLAY","General Election 2020 - 11/03/2020",,"State Senator","34",1,"Special Presidential",0
"AD","ED","County","EDAD Status","Event","Party/Independent Body","Office/Position Title","District Key","VoteFor","Unit Name","Tally","81","081","Bronx","IN-PLAY","General Election 2020 - 11/03/2020",,"State Senator","34",1,"Affidavit",2
"AD","ED","County","EDAD Status","Event","Party/Independent Body","Office/Position Title","District Key","VoteFor","Unit Name","Tally","81","081","Bronx","IN-PLAY","General Election 2020 - 11/03/2020",,"State Senator","34",1,"Alessandra Biaggi (Democratic)",334
"AD","ED","County","EDAD Status","Event","Party/Independent Body","Office/Position Title","District Key","VoteFor","Unit Name","Tally","81","081","Bronx","IN-PLAY","General Election 2020 - 11/03/2020",,"State Senator","34",1,"James B. Gisondi (Republican)",61
"AD","ED","County","EDAD Status","Event","Party/Independent Body","Office/Position Title","District Key","VoteFor","Unit Name","Tally","81","081","Bronx","IN-PLAY","General Election 2020 - 11/03/2020",,"State Senator","34",1,"Antonio Vitiello (Conservative)",12
"AD","ED","County","EDAD Status","Event","Party/Independent Body","Office/Position Title","District Key","VoteFor","Unit Name","Tally","81","081","Bronx","IN-PLAY","General Election 2020 - 11/03/2020",,"State Senator","34",1,"Alessandra Biaggi (Working Families)",72
"AD","ED","County","EDAD Status","Event","Party/Independent Body","Office/Position Title","District Key","VoteFor","Unit Name","Tally","81","082","Bronx","IN-PLAY","General Election 2020 - 11/03/2020",,"State Senator","34",1,"Public Counter",312
"AD","ED","County","EDAD Status","Event","Party/Independent Body","Office/Position Title","District Key","VoteFor","Unit Name","Tally","81","082","Bronx","IN-PLAY","General Election 2020 - 11/03/2020",,"State Senator","34",1,"Manually Counted Emergency",0
"AD","ED","County","EDAD Status","Event","Party/Independent Body","Office/Position Title","District Key","VoteFor","Unit Name","Tally","81","082","Bronx","IN-PLAY","General Election 2020 - 11/03/2020",,"State Senator","34",1,"Absentee / Military",157
"AD","ED","County","EDAD Status","Event","Party/Independent Body","Office/Position Title","District Key","VoteFor","Unit Name","Tally","81","082","Bronx","IN-PLAY","General Election 2020 - 11/03/2020",,"State Senator","34",1,"Federal",11
"AD","ED","County","EDAD Status","Event","Party/Independent Body","Office/Position Title","District Key","VoteFor","Unit Name","Tally","81","082","Bronx","IN-PLAY","General Election 2020 - 11/03/2020",,"State Senator","34",1,"Special Presidential",0
"AD","ED","County","EDAD Status","Event","Party/Independent Body","Office/Position Title","District Key","VoteFor","Unit Name","Tally","81","082","Bronx","IN-PLAY","General Election 2020 - 11/03/2020",,"State Senator","34",1,"Affidavit",2
"AD","ED","County","EDAD Status","Event","Party/Independent Body","Office/Position Title","District Key","VoteFor","Unit Name","Tally","81","082","Bronx","IN-PLAY","General Election 2020 - 11/03/2020",,"State Senator","34",1,"Alessandra Biaggi (Democratic)",330
"AD","ED","County","EDAD Status","Event","Party/Independent Body","Office/Position Title","District Key","VoteFor","Unit Name","Tally","81","082","Bronx","IN-PLAY","General Election 2020 - 11/03/2020",,"State Senator","34",1,"James B. Gisondi (Republican)",72
"AD","ED","County","EDAD Status","Event","Party/Independent Body","Office/Position Title","District Key","VoteFor","Unit Name","Tally","81","082","Bronx","IN-PLAY","General Election 2020 - 11/03/2020",,"State Senator","34",1,"Antonio Vitiello (Conservative)",9
"AD","ED","County","EDAD Status","Event","Party/Independent Body","Office/Position Title","District Key","VoteFor","Unit Name","Tally","81","082","Bronx","IN-PLAY","General Election 2020 - 11/03/2020",,"State Senator","34",1,"Alessandra Biaggi (Working Families)",38
"AD","ED","County","EDAD Status","Event","Party/Independent Body","Office/Position Title","District Key","VoteFor","Unit Name","Tally","81","082","Bronx","IN-PLAY","General Election 2020 - 11/03/2020",,"State Senator","34",1,"Scattered",1
"AD","ED","County","EDAD Status","Event","Party/Independent Body","Office/Position Title","District Key","VoteFor","Unit Name","Tally","81","083","Bronx","IN-PLAY","General Election 2020 - 11/03/2020",,"State Senator","34",1,"Public Counter",275
"AD","ED","County","EDAD Status","Event","Party/Independent Body","Office/Position Title","District Key","VoteFor","Unit Name","Tally","81","083","Bronx","IN-PLAY","General Election 2020 - 11/03/2020",,"State Senator","34",1,"Manually Counted Emergency",0
"AD","ED","County","EDAD Status","Event","Party/Independent Body","Office/Position Title","District Key","VoteFor","Unit Name","Tally","81","083","Bronx","IN-PLAY","General Election 2020 - 11/03/2020",,"State Senator","34",1,"Absentee / Military",156
"AD","ED","County","EDAD Status","Event","Party/Independent Body","Office/Position Title","District Key","VoteFor","Unit Name","Tally","81","083","Bronx","IN-PLAY","General Election 2020 - 11/03/2020",,"State Senator","34",1,"Federal",1
"AD","ED","County","EDAD Status","Event","Party/Independent Body","Office/Position Title","District Key","VoteFor","Unit Name","Tally","81","083","Bronx","IN-PLAY","General Election 2020 - 11/03/2020",,"State Senator","34",1,"Special Presidential",0
"AD","ED","County","EDAD Status","Event","Party/Independent Body","Office/Position Title","District Key","VoteFor","Unit Name","Tally","81","083","Bronx","IN-PLAY","General Election 2020 - 11/03/2020",,"State Senator","34",1,"Affidavit",0
"AD","ED","County","EDAD Status","Event","Party/Independent Body","Office/Position Title","District Key","VoteFor","Unit Name","Tally","81","083","Bronx","IN-PLAY","General Election 2020 - 11/03/2020",,"State Senator","34",1,"Alessandra Biaggi (Democratic)",287
"AD","ED","County","EDAD Status","Event","Party/Independent Body","Office/Position Title","District Key","VoteFor","Unit Name","Tally","81","083","Bronx","IN-PLAY","General Election 2020 - 11/03/2020",,"State Senator","34",1,"James B. Gisondi (Republican)",63
"AD","ED","County","EDAD Status","Event","Party/Independent Body","Office/Position Title","District Key","VoteFor","Unit Name","Tally","81","083","Bronx","IN-PLAY","General Election 2020 - 11/03/2020",,"State Senator","34",1,"Antonio Vitiello (Conservative)",11
"AD","ED","County","EDAD Status","Event","Party/Independent Body","Office/Position Title","District Key","VoteFor","Unit Name","Tally","81","083","Bronx","IN-PLAY","General Election 2020 - 11/03/2020",,"State Senator","34",1,"Alessandra Biaggi (Working Families)",35
"AD","ED","County","EDAD Status","Event","Party/Independent Body","Office/Position Title","District Key","VoteFor","Unit Name","Tally","81","084","Bronx","IN-PLAY","General Election 2020 - 11/03/2020",,"State Senator","34",1,"Public Counter",498
"AD","ED","County","EDAD Status","Event","Party/Independent Body","Office/Position Title","District Key","VoteFor","Unit Name","Tally","81","084","Bronx","IN-PLAY","General Election 2020 - 11/03/2020",,"State Senator","34",1,"Manually Counted Emergency",0
"AD","ED","County","EDAD Status","Event","Party/Independent Body","Office/Position Title","District Key","VoteFor","Unit Name","Tally","81","084","Bronx","IN-PLAY","General Election 2020 - 11/03/2020",,"State Senator","34",1,"Absentee / Military",276
"AD","ED","County","EDAD Status","Event","Party/Independent Body","Office/Position Title","District Key","VoteFor","Unit Name","Tally","81","084","Bronx","IN-PLAY","General Election 2020 - 11/03/2020",,"State Senator","34",1,"Federal",4
"AD","ED","County","EDAD Status","Event","Party/Independent Body","Office/Position Title","District Key","VoteFor","Unit Name","Tally","81","084","Bronx","IN-PLAY","General Election 2020 - 11/03/2020",,"State Senator","34",1,"Special Presidential",0
"AD","ED","County","EDAD Status","Event","Party/Independent Body","Office/Position Title","District Key","VoteFor","Unit Name","Tally","81","084","Bronx","IN-PLAY","General Election 2020 - 11/03/2020",,"State Senator","34",1,"Affidavit",2
"AD","ED","County","EDAD Status","Event","Party/Independent Body","Office/Position Title","District Key","VoteFor","Unit Name","Tally","81","084","Bronx","IN-PLAY","General Election 2020 - 11/03/2020",,"State Senator","34",1,"Alessandra Biaggi (Democratic)",556
"AD","ED","County","EDAD Status","Event","Party/Independent Body","Office/Position Title","District Key","VoteFor","Unit Name","Tally","81","084","Bronx","IN-PLAY","General Election 2020 - 11/03/2020",,"State Senator","34",1,"James B. Gisondi (Republican)",105
"AD","ED","County","EDAD Status","Event","Party/Independent Body","Office/Position Title","District Key","VoteFor","Unit Name","Tally","81","084","Bronx","IN-PLAY","General Election 2020 - 11/03/2020",,"State Senator","34",1,"Antonio Vitiello (Conservative)",18
"AD","ED","County","EDAD Status","Event","Party/Independent Body","Office/Position Title","District Key","VoteFor","Unit Name","Tally","81","084","Bronx","IN-PLAY","General Election 2020 - 11/03/2020",,"State Senator","34",1,"Alessandra Biaggi (Working Families)",73
"AD","ED","County","EDAD Status","Event","Party/Independent Body","Office/Position Title","District Key","VoteFor","Unit Name","Tally","81","085","Bronx","IN-PLAY","General Election 2020 - 11/03/2020",,"State Senator","34",1,"Public Counter",248
"AD","ED","County","EDAD Status","Event","Party/Independent Body","Office/Position Title","District Key","VoteFor","Unit Name","Tally","81","085","Bronx","IN-PLAY","General Election 2020 - 11/03/2020",,"State Senator","34",1,"Manually Counted Emergency",0
"AD","ED","County","EDAD Status","Event","Party/Independent Body","Office/Position Title","District Key","VoteFor","Unit Name","Tally","81","085","Bronx","IN-PLAY","General Election 2020 - 11/03/2020",,"State Senator","34",1,"Absentee / Military",69
"AD","ED","County","EDAD Status","Event","Party/Independent Body","Office/Position Title","District Key","VoteFor","Unit Name","Tally","81","085","Bronx","IN-PLAY","General Election 2020 - 11/03/2020",,"State Senator","34",1,"Federal",4
"AD","ED","County","EDAD Status","Event","Party/Independent Body","Office/Position Title","District Key","VoteFor","Unit Name","Tally","81","085","Bronx","IN-PLAY","General Election 2020 - 11/03/2020",,"State Senator","34",1,"Special Presidential",0
"AD","ED","County","EDAD Status","Event","Party/Independent Body","Office/Position Title","District Key","VoteFor","Unit Name","Tally","81","085","Bronx","IN-PLAY","General Election 2020 - 11/03/2020",,"State Senator","34",1,"Affidavit",5
"AD","ED","County","EDAD Status","Event","Party/Independent Body","Office/Position Title","District Key","VoteFor","Unit Name","Tally","81","085","Bronx","IN-PLAY","General Election 2020 - 11/03/2020",,"State Senator","34",1,"Alessandra Biaggi (Democratic)",212
"AD","ED","County","EDAD Status","Event","Party/Independent Body","Office/Position Title","District Key","VoteFor","Unit Name","Tally","81","085","Bronx","IN-PLAY","General Election 2020 - 11/03/2020",,"State Senator","34",1,"James B. Gisondi (Republican)",51
"AD","ED","County","EDAD Status","Event","Party/Independent Body","Office/Position Title","District Key","VoteFor","Unit Name","Tally","81","085","Bronx","IN-PLAY","General Election 2020 - 11/03/2020",,"State Senator","34",1,"Antonio Vitiello (Conservative)",6
"AD","ED","County","EDAD Status","Event","Party/Independent Body","Office/Position Title","District Key","VoteFor","Unit Name","Tally","81","085","Bronx","IN-PLAY","General Election 2020 - 11/03/2020",,"State Senator","34",1,"Alessandra Biaggi (Working Families)",45
"AD","ED","County","EDAD Status","Event","Party/Independent Body","Office/Position Title","District Key","VoteFor","Unit Name","Tally","81","085","Bronx","IN-PLAY","General Election 2020 - 11/03/2020",,"State Senator","34",1,"Scattered",1
"AD","ED","County","EDAD Status","Event","Party/Independent Body","Office/Position Title","District Key","VoteFor","Unit Name","Tally","81","086","Bronx","IN-PLAY","General Election 2020 - 11/03/2020",,"State Senator","34",1,"Public Counter",365
"AD","ED","County","EDAD Status","Event","Party/Independent Body","Office/Position Title","District Key","VoteFor","Unit Name","Tally","81","086","Bronx","IN-PLAY","General Election 2020 - 11/03/2020",,"State Senator","34",1,"Manually Counted Emergency",0
"AD","ED","County","EDAD Status","Event","Party/Independent Body","Office/Position Title","District Key","VoteFor","Unit Name","Tally","81","086","Bronx","IN-PLAY","General Election 2020 - 11/03/2020",,"State Senator","34",1,"Absentee / Military",170
"AD","ED","County","EDAD Status","Event","Party/Independent Body","Office/Position Title","District Key","VoteFor","Unit Name","Tally","81","086","Bronx","IN-PLAY","General Election 2020 - 11/03/2020",,"State Senator","34",1,"Federal",9
"AD","ED","County","EDAD Status","Event","Party/Independent Body","Office/Position Title","District Key","VoteFor","Unit Name","Tally","81","086","Bronx","IN-PLAY","General Election 2020 - 11/03/2020",,"State Senator","34",1,"Special Presidential",0
"AD","ED","County","EDAD Status","Event","Party/Independent Body","Office/Position Title","District Key","VoteFor","Unit Name","Tally","81","086","Bronx","IN-PLAY","General Election 2020 - 11/03/2020",,"State Senator","34",1,"Affidavit",2
"AD","ED","County","EDAD Status","Event","Party/Independent Body","Office/Position Title","District Key","VoteFor","Unit Name","Tally","81","086","Bronx","IN-PLAY","General Election 2020 - 11/03/2020",,"State Senator","34",1,"Alessandra Biaggi (Democratic)",332
"AD","ED","County","EDAD Status","Event","Party/Independent Body","Office/Position Title","District Key","VoteFor","Unit Name","Tally","81","086","Bronx","IN-PLAY","General Election 2020 - 11/03/2020",,"State Senator","34",1,"James B. Gisondi (Republican)",101
"AD","ED","County","EDAD Status","Event","Party/Independent Body","Office/Position Title","District Key","VoteFor","Unit Name","Tally","81","086","Bronx","IN-PLAY","General Election 2020 - 11/03/2020",,"State Senator","34",1,"Antonio Vitiello (Conservative)",16
"AD","ED","County","EDAD Status","Event","Party/Independent Body","Office/Position Title","District Key","VoteFor","Unit Name","Tally","81","086","Bronx","IN-PLAY","General Election 2020 - 11/03/2020",,"State Senator","34",1,"Alessandra Biaggi (Working Families)",63
"AD","ED","County","EDAD Status","Event","Party/Independent Body","Office/Position Title","District Key","VoteFor","Unit Name","Tally","81","086","Bronx","IN-PLAY","General Election 2020 - 11/03/2020",,"State Senator","34",1,"Scattered",1
"AD","ED","County","EDAD Status","Event","Party/Independent Body","Office/Position Title","District Key","VoteFor","Unit Name","Tally","81","087","Bronx","IN-PLAY","General Election 2020 - 11/03/2020",,"State Senator","34",1,"Public Counter",327
"AD","ED","County","EDAD Status","Event","Party/Independent Body","Office/Position Title","District Key","VoteFor","Unit Name","Tally","81","087","Bronx","IN-PLAY","General Election 2020 - 11/03/2020",,"State Senator","34",1,"Manually Counted Emergency",0
"AD","ED","County","EDAD Status","Event","Party/Independent Body","Office/Position Title","District Key","VoteFor","Unit Name","Tally","81","087","Bronx","IN-PLAY","General Election 2020 - 11/03/2020",,"State Senator","34",1,"Absentee / Military",146
"AD","ED","County","EDAD Status","Event","Party/Independent Body","Office/Position Title","District Key","VoteFor","Unit Name","Tally","81","087","Bronx","IN-PLAY","General Election 2020 - 11/03/2020",,"State Senator","34",1,"Federal",12
"AD","ED","County","EDAD Status","Event","Party/Independent Body","Office/Position Title","District Key","VoteFor","Unit Name","Tally","81","087","Bronx","IN-PLAY","General Election 2020 - 11/03/2020",,"State Senator","34",1,"Special Presidential",0
"AD","ED","County","EDAD Status","Event","Party/Independent Body","Office/Position Title","District Key","VoteFor","Unit Name","Tally","81","087","Bronx","IN-PLAY","General Election 2020 - 11/03/2020",,"State Senator","34",1,"Affidavit",3
"AD","ED","County","EDAD Status","Event","Party/Independent Body","Office/Position Title","District Key","VoteFor","Unit Name","Tally","81","087","Bronx","IN-PLAY","General Election 2020 - 11/03/2020",,"State Senator","34",1,"Alessandra Biaggi (Democratic)",335
"AD","ED","County","EDAD Status","Event","Party/Independent Body","Office/Position Title","District Key","VoteFor","Unit Name","Tally","81","087","Bronx","IN-PLAY","General Election 2020 - 11/03/2020",,"State Senator","34",1,"James B. Gisondi (Republican)",76
"AD","ED","County","EDAD Status","Event","Party/Independent Body","Office/Position Title","District Key","VoteFor","Unit Name","Tally","81","087","Bronx","IN-PLAY","General Election 2020 - 11/03/2020",,"State Senator","34",1,"Antonio Vitiello (Conservative)",15
"AD","ED","County","EDAD Status","Event","Party/Independent Body","Office/Position Title","District Key","VoteFor","Unit Name","Tally","81","087","Bronx","IN-PLAY","General Election 2020 - 11/03/2020",,"State Senator","34",1,"Alessandra Biaggi (Working Families)",29
"AD","ED","County","EDAD Status","Event","Party/Independent Body","Office/Position Title","District Key","VoteFor","Unit Name","Tally","81","087","Bronx","IN-PLAY","General Election 2020 - 11/03/2020",,"State Senator","34",1,"Scattered",2
"AD","ED","County","EDAD Status","Event","Party/Independent Body","Office/Position Title","District Key","VoteFor","Unit Name","Tally","81","088","Bronx","IN-PLAY","General Election 2020 - 11/03/2020",,"State Senator","34",1,"Public Counter",332
"AD","ED","County","EDAD Status","Event","Party/Independent Body","Office/Position Title","District Key","VoteFor","Unit Name","Tally","81","088","Bronx","IN-PLAY","General Election 2020 - 11/03/2020",,"State Senator","34",1,"Manually Counted Emergency",0
"AD","ED","County","EDAD Status","Event","Party/Independent Body","Office/Position Title","District Key","VoteFor","Unit Name","Tally","81","088","Bronx","IN-PLAY","General Election 2020 - 11/03/2020",,"State Senator","34",1,"Absentee / Military",125
"AD","ED","County","EDAD Status","Event","Party/Independent Body","Office/Position Title","District Key","VoteFor","Unit Name","Tally","81","088","Bronx","IN-PLAY","General Election 2020 - 11/03/2020",,"State Senator","34",1,"Federal",4
"AD","ED","County","EDAD Status","Event","Party/Independent Body","Office/Position Title","District Key","VoteFor","Unit Name","Tally","81","088","Bronx","IN-PLAY","General Election 2020 - 11/03/2020",,"State Senator","34",1,"Special Presidential",0
"AD","ED","County","EDAD Status","Event","Party/Independent Body","Office/Position Title","District Key","VoteFor","Unit Name","Tally","81","088","Bronx","IN-PLAY","General Election 2020 - 11/03/2020",,"State Senator","34",1,"Affidavit",6
"AD","ED","County","EDAD Status","Event","Party/Independent Body","Office/Position Title","District Key","VoteFor","Unit Name","Tally","81","088","Bronx","IN-PLAY","General Election 2020 - 11/03/2020",,"State Senator","34",1,"Alessandra Biaggi (Democratic)",275
"AD","ED","County","EDAD Status","Event","Party/Independent Body","Office/Position Title","District Key","VoteFor","Unit Name","Tally","81","088","Bronx","IN-PLAY","General Election 2020 - 11/03/2020",,"State Senator","34",1,"James B. Gisondi (Republican)",91
"AD","ED","County","EDAD Status","Event","Party/Independent Body","Office/Position Title","District Key","VoteFor","Unit Name","Tally","81","088","Bronx","IN-PLAY","General Election 2020 - 11/03/2020",,"State Senator","34",1,"Antonio Vitiello (Conservative)",25
"AD","ED","County","EDAD Status","Event","Party/Independent Body","Office/Position Title","District Key","VoteFor","Unit Name","Tally","81","088","Bronx","IN-PLAY","General Election 2020 - 11/03/2020",,"State Senator","34",1,"Alessandra Biaggi (Working Families)",44
"AD","ED","County","EDAD Status","Event","Party/Independent Body","Office/Position Title","District Key","VoteFor","Unit Name","Tally","81","089","Bronx","IN-PLAY","General Election 2020 - 11/03/2020",,"State Senator","34",1,"Public Counter",343
"AD","ED","County","EDAD Status","Event","Party/Independent Body","Office/Position Title","District Key","VoteFor","Unit Name","Tally","81","089","Bronx","IN-PLAY","General Election 2020 - 11/03/2020",,"State Senator","34",1,"Manually Counted Emergency",0
"AD","ED","County","EDAD Status","Event","Party/Independent Body","Office/Position Title","District Key","VoteFor","Unit Name","Tally","81","089","Bronx","IN-PLAY","General Election 2020 - 11/03/2020",,"State Senator","34",1,"Absentee / Military",75
"AD","ED","County","EDAD Status","Event","Party/Independent Body","Office/Position Title","District Key","VoteFor","Unit Name","Tally","81","089","Bronx","IN-PLAY","General Election 2020 - 11/03/2020",,"State Senator","34",1,"Federal",6
"AD","ED","County","EDAD Status","Event","Party/Independent Body","Office/Position Title","District Key","VoteFor","Unit Name","Tally","81","089","Bronx","IN-PLAY","General Election 2020 - 11/03/2020",,"State Senator","34",1,"Special Presidential",0
"AD","ED","County","EDAD Status","Event","Party/Independent Body","Office/Position Title","District Key","VoteFor","Unit Name","Tally","81","089","Bronx","IN-PLAY","General Election 2020 - 11/03/2020",,"State Senator","34",1,"Affidavit",2
"AD","ED","County","EDAD Status","Event","Party/Independent Body","Office/Position Title","District Key","VoteFor","Unit Name","Tally","81","089","Bronx","IN-PLAY","General Election 2020 - 11/03/2020",,"State Senator","34",1,"Alessandra Biaggi (Democratic)",285
"AD","ED","County","EDAD Status","Event","Party/Independent Body","Office/Position Title","District Key","VoteFor","Unit Name","Tally","81","089","Bronx","IN-PLAY","General Election 2020 - 11/03/2020",,"State Senator","34",1,"James B. Gisondi (Republican)",56
"AD","ED","County","EDAD Status","Event","Party/Independent Body","Office/Position Title","District Key","VoteFor","Unit Name","Tally","81","089","Bronx","IN-PLAY","General Election 2020 - 11/03/2020",,"State Senator","34",1,"Antonio Vitiello (Conservative)",12
"AD","ED","County","EDAD Status","Event","Party/Independent Body","Office/Position Title","District Key","VoteFor","Unit Name","Tally","81","089","Bronx","IN-PLAY","General Election 2020 - 11/03/2020",,"State Senator","34",1,"Alessandra Biaggi (Working Families)",43
"AD","ED","County","EDAD Status","Event","Party/Independent Body","Office/Position Title","District Key","VoteFor","Unit Name","Tally","81","090","Bronx","IN-PLAY","General Election 2020 - 11/03/2020",,"State Senator","34",1,"Public Counter",320
"AD","ED","County","EDAD Status","Event","Party/Independent Body","Office/Position Title","District Key","VoteFor","Unit Name","Tally","81","090","Bronx","IN-PLAY","General Election 2020 - 11/03/2020",,"State Senator","34",1,"Manually Counted Emergency",0
"AD","ED","County","EDAD Status","Event","Party/Independent Body","Office/Position Title","District Key","VoteFor","Unit Name","Tally","81","090","Bronx","IN-PLAY","General Election 2020 - 11/03/2020",,"State Senator","34",1,"Absentee / Military",149
"AD","ED","County","EDAD Status","Event","Party/Independent Body","Office/Position Title","District Key","VoteFor","Unit Name","Tally","81","090","Bronx","IN-PLAY","General Election 2020 - 11/03/2020",,"State Senator","34",1,"Federal",5
"AD","ED","County","EDAD Status","Event","Party/Independent Body","Office/Position Title","District Key","VoteFor","Unit Name","Tally","81","090","Bronx","IN-PLAY","General Election 2020 - 11/03/2020",,"State Senator","34",1,"Special Presidential",0
"AD","ED","County","EDAD Status","Event","Party/Independent Body","Office/Position Title","District Key","VoteFor","Unit Name","Tally","81","090","Bronx","IN-PLAY","General Election 2020 - 11/03/2020",,"State Senator","34",1,"Affidavit",2
"AD","ED","County","EDAD Status","Event","Party/Independent Body","Office/Position Title","District Key","VoteFor","Unit Name","Tally","81","090","Bronx","IN-PLAY","General Election 2020 - 11/03/2020",,"State Senator","34",1,"Alessandra Biaggi (Democratic)",335
"AD","ED","County","EDAD Status","Event","Party/Independent Body","Office/Position Title","District Key","VoteFor","Unit Name","Tally","81","090","Bronx","IN-PLAY","General Election 2020 - 11/03/2020",,"State Senator","34",1,"James B. Gisondi (Republican)",69
"AD","ED","County","EDAD Status","Event","Party/Independent Body","Office/Position Title","District Key","VoteFor","Unit Name","Tally","81","090","Bronx","IN-PLAY","General Election 2020 - 11/03/2020",,"State Senator","34",1,"Antonio Vitiello (Conservative)",11
"AD","ED","County","EDAD Status","Event","Party/Independent Body","Office/Position Title","District Key","VoteFor","Unit Name","Tally","81","090","Bronx","IN-PLAY","General Election 2020 - 11/03/2020",,"State Senator","34",1,"Alessandra Biaggi (Working Families)",42
"AD","ED","County","EDAD Status","Event","Party/Independent Body","Office/Position Title","District Key","VoteFor","Unit Name","Tally","81","090","Bronx","IN-PLAY","General Election 2020 - 11/03/2020",,"State Senator","34",1,"Scattered",2
"AD","ED","County","EDAD Status","Event","Party/Independent Body","Office/Position Title","District Key","VoteFor","Unit Name","Tally","81","091","Bronx","IN-PLAY","General Election 2020 - 11/03/2020",,"State Senator","34",1,"Public Counter",1
"AD","ED","County","EDAD Status","Event","Party/Independent Body","Office/Position Title","District Key","VoteFor","Unit Name","Tally","81","091","Bronx","IN-PLAY","General Election 2020 - 11/03/2020",,"State Senator","34",1,"Manually Counted Emergency",0
"AD","ED","County","EDAD Status","Event","Party/Independent Body","Office/Position Title","District Key","VoteFor","Unit Name","Tally","81","091","Bronx","IN-PLAY","General Election 2020 - 11/03/2020",,"State Senator","34",1,"Absentee / Military",285
"AD","ED","County","EDAD Status","Event","Party/Independent Body","Office/Position Title","District Key","VoteFor","Unit Name","Tally","81","091","Bronx","IN-PLAY","General Election 2020 - 11/03/2020",,"State Senator","34",1,"Federal",0
"AD","ED","County","EDAD Status","Event","Party/Independent Body","Office/Position Title","District Key","VoteFor","Unit Name","Tally","81","091","Bronx","IN-PLAY","General Election 2020 - 11/03/2020",,"State Senator","34",1,"Special Presidential",0
"AD","ED","County","EDAD Status","Event","Party/Independent Body","Office/Position Title","District Key","VoteFor","Unit Name","Tally","81","091","Bronx","IN-PLAY","General Election 2020 - 11/03/2020",,"State Senator","34",1,"Affidavit",0
"AD","ED","County","EDAD Status","Event","Party/Independent Body","Office/Position Title","District Key","VoteFor","Unit Name","Tally","81","091","Bronx","IN-PLAY","General Election 2020 - 11/03/2020",,"State Senator","34",1,"Alessandra Biaggi (Democratic)",220
"AD","ED","County","EDAD Status","Event","Party/Independent Body","Office/Position Title","District Key","VoteFor","Unit Name","Tally","81","091","Bronx","IN-PLAY","General Election 2020 - 11/03/2020",,"State Senator","34",1,"James B. Gisondi (Republican)",26
"AD","ED","County","EDAD Status","Event","Party/Independent Body","Office/Position Title","District Key","VoteFor","Unit Name","Tally","81","091","Bronx","IN-PLAY","General Election 2020 - 11/03/2020",,"State Senator","34",1,"Antonio Vitiello (Conservative)",7
"AD","ED","County","EDAD Status","Event","Party/Independent Body","Office/Position Title","District Key","VoteFor","Unit Name","Tally","81","091","Bronx","IN-PLAY","General Election 2020 - 11/03/2020",,"State Senator","34",1,"Alessandra Biaggi (Working Families)",7
"AD","ED","County","EDAD Status","Event","Party/Independent Body","Office/Position Title","District Key","VoteFor","Unit Name","Tally","81","101","Bronx","COMBINED INTO 107/81","General Election 2020 - 11/03/2020",,"State Senator","34",1,"Public Counter",0
"AD","ED","County","EDAD Status","Event","Party/Independent Body","Office/Position Title","District Key","VoteFor","Unit Name","Tally","81","101","Bronx","COMBINED INTO 107/81","General Election 2020 - 11/03/2020",,"State Senator","34",1,"Manually Counted Emergency",0
"AD","ED","County","EDAD Status","Event","Party/Independent Body","Office/Position Title","District Key","VoteFor","Unit Name","Tally","81","101","Bronx","COMBINED INTO 107/81","General Election 2020 - 11/03/2020",,"State Senator","34",1,"Absentee / Military",0
"AD","ED","County","EDAD Status","Event","Party/Independent Body","Office/Position Title","District Key","VoteFor","Unit Name","Tally","81","101","Bronx","COMBINED INTO 107/81","General Election 2020 - 11/03/2020",,"State Senator","34",1,"Federal",0
"AD","ED","County","EDAD Status","Event","Party/Independent Body","Office/Position Title","District Key","VoteFor","Unit Name","Tally","81","101","Bronx","COMBINED INTO 107/81","General Election 2020 - 11/03/2020",,"State Senator","34",1,"Special Presidential",0
"AD","ED","County","EDAD Status","Event","Party/Independent Body","Office/Position Title","District Key","VoteFor","Unit Name","Tally","81","101","Bronx","COMBINED INTO 107/81","General Election 2020 - 11/03/2020",,"State Senator","34",1,"Affidavit",0
"AD","ED","County","EDAD Status","Event","Party/Independent Body","Office/Position Title","District Key","VoteFor","Unit Name","Tally","81","102","Bronx","IN-PLAY","General Election 2020 - 11/03/2020",,"State Senator","34",1,"Public Counter",0
"AD","ED","County","EDAD Status","Event","Party/Independent Body","Office/Position Title","District Key","VoteFor","Unit Name","Tally","81","102","Bronx","IN-PLAY","General Election 2020 - 11/03/2020",,"State Senator","34",1,"Manually Counted Emergency",0
"AD","ED","County","EDAD Status","Event","Party/Independent Body","Office/Position Title","District Key","VoteFor","Unit Name","Tally","81","102","Bronx","IN-PLAY","General Election 2020 - 11/03/2020",,"State Senator","34",1,"Absentee / Military",0
"AD","ED","County","EDAD Status","Event","Party/Independent Body","Office/Position Title","District Key","VoteFor","Unit Name","Tally","81","102","Bronx","IN-PLAY","General Election 2020 - 11/03/2020",,"State Senator","34",1,"Federal",0
"AD","ED","County","EDAD Status","Event","Party/Independent Body","Office/Position Title","District Key","VoteFor","Unit Name","Tally","81","102","Bronx","IN-PLAY","General Election 2020 - 11/03/2020",,"State Senator","34",1,"Special Presidential",0
"AD","ED","County","EDAD Status","Event","Party/Independent Body","Office/Position Title","District Key","VoteFor","Unit Name","Tally","81","102","Bronx","IN-PLAY","General Election 2020 - 11/03/2020",,"State Senator","34",1,"Affidavit",0
"AD","ED","County","EDAD Status","Event","Party/Independent Body","Office/Position Title","District Key","VoteFor","Unit Name","Tally","81","102","Bronx","IN-PLAY","General Election 2020 - 11/03/2020",,"State Senator","34",1,"Alessandra Biaggi (Democratic)",0
"AD","ED","County","EDAD Status","Event","Party/Independent Body","Office/Position Title","District Key","VoteFor","Unit Name","Tally","81","102","Bronx","IN-PLAY","General Election 2020 - 11/03/2020",,"State Senator","34",1,"James B. Gisondi (Republican)",0
"AD","ED","County","EDAD Status","Event","Party/Independent Body","Office/Position Title","District Key","VoteFor","Unit Name","Tally","81","102","Bronx","IN-PLAY","General Election 2020 - 11/03/2020",,"State Senator","34",1,"Antonio Vitiello (Conservative)",0
"AD","ED","County","EDAD Status","Event","Party/Independent Body","Office/Position Title","District Key","VoteFor","Unit Name","Tally","81","102","Bronx","IN-PLAY","General Election 2020 - 11/03/2020",,"State Senator","34",1,"Alessandra Biaggi (Working Families)",0
"AD","ED","County","EDAD Status","Event","Party/Independent Body","Office/Position Title","District Key","VoteFor","Unit Name","Tally","81","103","Bronx","COMBINED INTO 102/81","General Election 2020 - 11/03/2020",,"State Senator","34",1,"Public Counter",0
"AD","ED","County","EDAD Status","Event","Party/Independent Body","Office/Position Title","District Key","VoteFor","Unit Name","Tally","81","103","Bronx","COMBINED INTO 102/81","General Election 2020 - 11/03/2020",,"State Senator","34",1,"Manually Counted Emergency",0
"AD","ED","County","EDAD Status","Event","Party/Independent Body","Office/Position Title","District Key","VoteFor","Unit Name","Tally","81","103","Bronx","COMBINED INTO 102/81","General Election 2020 - 11/03/2020",,"State Senator","34",1,"Absentee / Military",0
"AD","ED","County","EDAD Status","Event","Party/Independent Body","Office/Position Title","District Key","VoteFor","Unit Name","Tally","81","103","Bronx","COMBINED INTO 102/81","General Election 2020 - 11/03/2020",,"State Senator","34",1,"Federal",0
"AD","ED","County","EDAD Status","Event","Party/Independent Body","Office/Position Title","District Key","VoteFor","Unit Name","Tally","81","103","Bronx","COMBINED INTO 102/81","General Election 2020 - 11/03/2020",,"State Senator","34",1,"Special Presidential",0
"AD","ED","County","EDAD Status","Event","Party/Independent Body","Office/Position Title","District Key","VoteFor","Unit Name","Tally","81","103","Bronx","COMBINED INTO 102/81","General Election 2020 - 11/03/2020",,"State Senator","34",1,"Affidavit",0
"AD","ED","County","EDAD Status","Event","Party/Independent Body","Office/Position Title","District Key","VoteFor","Unit Name","Tally","81","104","Bronx","IN-PLAY","General Election 2020 - 11/03/2020",,"State Senator","34",1,"Public Counter",0
"AD","ED","County","EDAD Status","Event","Party/Independent Body","Office/Position Title","District Key","VoteFor","Unit Name","Tally","81","104","Bronx","IN-PLAY","General Election 2020 - 11/03/2020",,"State Senator","34",1,"Manually Counted Emergency",0
"AD","ED","County","EDAD Status","Event","Party/Independent Body","Office/Position Title","District Key","VoteFor","Unit Name","Tally","81","104","Bronx","IN-PLAY","General Election 2020 - 11/03/2020",,"State Senator","34",1,"Absentee / Military",0
"AD","ED","County","EDAD Status","Event","Party/Independent Body","Office/Position Title","District Key","VoteFor","Unit Name","Tally","81","104","Bronx","IN-PLAY","General Election 2020 - 11/03/2020",,"State Senator","34",1,"Federal",0
"AD","ED","County","EDAD Status","Event","Party/Independent Body","Office/Position Title","District Key","VoteFor","Unit Name","Tally","81","104","Bronx","IN-PLAY","General Election 2020 - 11/03/2020",,"State Senator","34",1,"Special Presidential",0
"AD","ED","County","EDAD Status","Event","Party/Independent Body","Office/Position Title","District Key","VoteFor","Unit Name","Tally","81","104","Bronx","IN-PLAY","General Election 2020 - 11/03/2020",,"State Senator","34",1,"Affidavit",0
"AD","ED","County","EDAD Status","Event","Party/Independent Body","Office/Position Title","District Key","VoteFor","Unit Name","Tally","81","104","Bronx","IN-PLAY","General Election 2020 - 11/03/2020",,"State Senator","34",1,"Alessandra Biaggi (Democratic)",0
"AD","ED","County","EDAD Status","Event","Party/Independent Body","Office/Position Title","District Key","VoteFor","Unit Name","Tally","81","104","Bronx","IN-PLAY","General Election 2020 - 11/03/2020",,"State Senator","34",1,"James B. Gisondi (Republican)",0
"AD","ED","County","EDAD Status","Event","Party/Independent Body","Office/Position Title","District Key","VoteFor","Unit Name","Tally","81","104","Bronx","IN-PLAY","General Election 2020 - 11/03/2020",,"State Senator","34",1,"Antonio Vitiello (Conservative)",0
"AD","ED","County","EDAD Status","Event","Party/Independent Body","Office/Position Title","District Key","VoteFor","Unit Name","Tally","81","104","Bronx","IN-PLAY","General Election 2020 - 11/03/2020",,"State Senator","34",1,"Alessandra Biaggi (Working Families)",0
"AD","ED","County","EDAD Status","Event","Party/Independent Body","Office/Position Title","District Key","VoteFor","Unit Name","Tally","81","106","Bronx","IN-PLAY","General Election 2020 - 11/03/2020",,"State Senator","34",1,"Public Counter",0
"AD","ED","County","EDAD Status","Event","Party/Independent Body","Office/Position Title","District Key","VoteFor","Unit Name","Tally","81","106","Bronx","IN-PLAY","General Election 2020 - 11/03/2020",,"State Senator","34",1,"Manually Counted Emergency",0
"AD","ED","County","EDAD Status","Event","Party/Independent Body","Office/Position Title","District Key","VoteFor","Unit Name","Tally","81","106","Bronx","IN-PLAY","General Election 2020 - 11/03/2020",,"State Senator","34",1,"Absentee / Military",0
"AD","ED","County","EDAD Status","Event","Party/Independent Body","Office/Position Title","District Key","VoteFor","Unit Name","Tally","81","106","Bronx","IN-PLAY","General Election 2020 - 11/03/2020",,"State Senator","34",1,"Federal",0
"AD","ED","County","EDAD Status","Event","Party/Independent Body","Office/Position Title","District Key","VoteFor","Unit Name","Tally","81","106","Bronx","IN-PLAY","General Election 2020 - 11/03/2020",,"State Senator","34",1,"Special Presidential",0
"AD","ED","County","EDAD Status","Event","Party/Independent Body","Office/Position Title","District Key","VoteFor","Unit Name","Tally","81","106","Bronx","IN-PLAY","General Election 2020 - 11/03/2020",,"State Senator","34",1,"Affidavit",0
"AD","ED","County","EDAD Status","Event","Party/Independent Body","Office/Position Title","District Key","VoteFor","Unit Name","Tally","81","106","Bronx","IN-PLAY","General Election 2020 - 11/03/2020",,"State Senator","34",1,"Alessandra Biaggi (Democratic)",0
"AD","ED","County","EDAD Status","Event","Party/Independent Body","Office/Position Title","District Key","VoteFor","Unit Name","Tally","81","106","Bronx","IN-PLAY","General Election 2020 - 11/03/2020",,"State Senator","34",1,"James B. Gisondi (Republican)",0
"AD","ED","County","EDAD Status","Event","Party/Independent Body","Office/Position Title","District Key","VoteFor","Unit Name","Tally","81","106","Bronx","IN-PLAY","General Election 2020 - 11/03/2020",,"State Senator","34",1,"Antonio Vitiello (Conservative)",0
"AD","ED","County","EDAD Status","Event","Party/Independent Body","Office/Position Title","District Key","VoteFor","Unit Name","Tally","81","106","Bronx","IN-PLAY","General Election 2020 - 11/03/2020",,"State Senator","34",1,"Alessandra Biaggi (Working Families)",0
"AD","ED","County","EDAD Status","Event","Party/Independent Body","Office/Position Title","District Key","VoteFor","Unit Name","Tally","81","107","Bronx","IN-PLAY","General Election 2020 - 11/03/2020",,"State Senator","34",1,"Public Counter",200
"AD","ED","County","EDAD Status","Event","Party/Independent Body","Office/Position Title","District Key","VoteFor","Unit Name","Tally","81","107","Bronx","IN-PLAY","General Election 2020 - 11/03/2020",,"State Senator","34",1,"Manually Counted Emergency",1
"AD","ED","County","EDAD Status","Event","Party/Independent Body","Office/Position Title","District Key","VoteFor","Unit Name","Tally","81","107","Bronx","IN-PLAY","General Election 2020 - 11/03/2020",,"State Senator","34",1,"Absentee / Military",37
"AD","ED","County","EDAD Status","Event","Party/Independent Body","Office/Position Title","District Key","VoteFor","Unit Name","Tally","81","107","Bronx","IN-PLAY","General Election 2020 - 11/03/2020",,"State Senator","34",1,"Federal",0
"AD","ED","County","EDAD Status","Event","Party/Independent Body","Office/Position Title","District Key","VoteFor","Unit Name","Tally","81","107","Bronx","IN-PLAY","General Election 2020 - 11/03/2020",,"State Senator","34",1,"Special Presidential",0
"AD","ED","County","EDAD Status","Event","Party/Independent Body","Office/Position Title","District Key","VoteFor","Unit Name","Tally","81","107","Bronx","IN-PLAY","General Election 2020 - 11/03/2020",,"State Senator","34",1,"Affidavit",6
"AD","ED","County","EDAD Status","Event","Party/Independent Body","Office/Position Title","District Key","VoteFor","Unit Name","Tally","81","107","Bronx","IN-PLAY","General Election 2020 - 11/03/2020",,"State Senator","34",1,"Alessandra Biaggi (Democratic)",197
"AD","ED","County","EDAD Status","Event","Party/Independent Body","Office/Position Title","District Key","VoteFor","Unit Name","Tally","81","107","Bronx","IN-PLAY","General Election 2020 - 11/03/2020",,"State Senator","34",1,"James B. Gisondi (Republican)",18
"AD","ED","County","EDAD Status","Event","Party/Independent Body","Office/Position Title","District Key","VoteFor","Unit Name","Tally","81","107","Bronx","IN-PLAY","General Election 2020 - 11/03/2020",,"State Senator","34",1,"Antonio Vitiello (Conservative)",5
"AD","ED","County","EDAD Status","Event","Party/Independent Body","Office/Position Title","District Key","VoteFor","Unit Name","Tally","81","107","Bronx","IN-PLAY","General Election 2020 - 11/03/2020",,"State Senator","34",1,"Alessandra Biaggi (Working Families)",7
"AD","ED","County","EDAD Status","Event","Party/Independent Body","Office/Position Title","District Key","VoteFor","Unit Name","Tally","82","001","Bronx","IN-PLAY","General Election 2020 - 11/03/2020",,"State Senator","34",1,"Public Counter",580
"AD","ED","County","EDAD Status","Event","Party/Independent Body","Office/Position Title","District Key","VoteFor","Unit Name","Tally","82","001","Bronx","IN-PLAY","General Election 2020 - 11/03/2020",,"State Senator","34",1,"Manually Counted Emergency",0
"AD","ED","County","EDAD Status","Event","Party/Independent Body","Office/Position Title","District Key","VoteFor","Unit Name","Tally","82","001","Bronx","IN-PLAY","General Election 2020 - 11/03/2020",,"State Senator","34",1,"Absentee / Military",82
"AD","ED","County","EDAD Status","Event","Party/Independent Body","Office/Position Title","District Key","VoteFor","Unit Name","Tally","82","001","Bronx","IN-PLAY","General Election 2020 - 11/03/2020",,"State Senator","34",1,"Federal",1
"AD","ED","County","EDAD Status","Event","Party/Independent Body","Office/Position Title","District Key","VoteFor","Unit Name","Tally","82","001","Bronx","IN-PLAY","General Election 2020 - 11/03/2020",,"State Senator","34",1,"Special Presidential",0
"AD","ED","County","EDAD Status","Event","Party/Independent Body","Office/Position Title","District Key","VoteFor","Unit Name","Tally","82","001","Bronx","IN-PLAY","General Election 2020 - 11/03/2020",,"State Senator","34",1,"Affidavit",5
"AD","ED","County","EDAD Status","Event","Party/Independent Body","Office/Position Title","District Key","VoteFor","Unit Name","Tally","82","001","Bronx","IN-PLAY","General Election 2020 - 11/03/2020",,"State Senator","34",1,"Alessandra Biaggi (Democratic)",199
"AD","ED","County","EDAD Status","Event","Party/Independent Body","Office/Position Title","District Key","VoteFor","Unit Name","Tally","82","001","Bronx","IN-PLAY","General Election 2020 - 11/03/2020",,"State Senator","34",1,"James B. Gisondi (Republican)",361
"AD","ED","County","EDAD Status","Event","Party/Independent Body","Office/Position Title","District Key","VoteFor","Unit Name","Tally","82","001","Bronx","IN-PLAY","General Election 2020 - 11/03/2020",,"State Senator","34",1,"Antonio Vitiello (Conservative)",38
"AD","ED","County","EDAD Status","Event","Party/Independent Body","Office/Position Title","District Key","VoteFor","Unit Name","Tally","82","001","Bronx","IN-PLAY","General Election 2020 - 11/03/2020",,"State Senator","34",1,"Alessandra Biaggi (Working Families)",37
"AD","ED","County","EDAD Status","Event","Party/Independent Body","Office/Position Title","District Key","VoteFor","Unit Name","Tally","82","002","Bronx","IN-PLAY","General Election 2020 - 11/03/2020",,"State Senator","34",1,"Public Counter",525
"AD","ED","County","EDAD Status","Event","Party/Independent Body","Office/Position Title","District Key","VoteFor","Unit Name","Tally","82","002","Bronx","IN-PLAY","General Election 2020 - 11/03/2020",,"State Senator","34",1,"Manually Counted Emergency",0
"AD","ED","County","EDAD Status","Event","Party/Independent Body","Office/Position Title","District Key","VoteFor","Unit Name","Tally","82","002","Bronx","IN-PLAY","General Election 2020 - 11/03/2020",,"State Senator","34",1,"Absentee / Military",88
"AD","ED","County","EDAD Status","Event","Party/Independent Body","Office/Position Title","District Key","VoteFor","Unit Name","Tally","82","002","Bronx","IN-PLAY","General Election 2020 - 11/03/2020",,"State Senator","34",1,"Federal",1
"AD","ED","County","EDAD Status","Event","Party/Independent Body","Office/Position Title","District Key","VoteFor","Unit Name","Tally","82","002","Bronx","IN-PLAY","General Election 2020 - 11/03/2020",,"State Senator","34",1,"Special Presidential",0
"AD","ED","County","EDAD Status","Event","Party/Independent Body","Office/Position Title","District Key","VoteFor","Unit Name","Tally","82","002","Bronx","IN-PLAY","General Election 2020 - 11/03/2020",,"State Senator","34",1,"Affidavit",13
"AD","ED","County","EDAD Status","Event","Party/Independent Body","Office/Position Title","District Key","VoteFor","Unit Name","Tally","82","002","Bronx","IN-PLAY","General Election 2020 - 11/03/2020",,"State Senator","34",1,"Alessandra Biaggi (Democratic)",267
"AD","ED","County","EDAD Status","Event","Party/Independent Body","Office/Position Title","District Key","VoteFor","Unit Name","Tally","82","002","Bronx","IN-PLAY","General Election 2020 - 11/03/2020",,"State Senator","34",1,"James B. Gisondi (Republican)",262
"AD","ED","County","EDAD Status","Event","Party/Independent Body","Office/Position Title","District Key","VoteFor","Unit Name","Tally","82","002","Bronx","IN-PLAY","General Election 2020 - 11/03/2020",,"State Senator","34",1,"Antonio Vitiello (Conservative)",36
"AD","ED","County","EDAD Status","Event","Party/Independent Body","Office/Position Title","District Key","VoteFor","Unit Name","Tally","82","002","Bronx","IN-PLAY","General Election 2020 - 11/03/2020",,"State Senator","34",1,"Alessandra Biaggi (Working Families)",38
"AD","ED","County","EDAD Status","Event","Party/Independent Body","Office/Position Title","District Key","VoteFor","Unit Name","Tally","82","002","Bronx","IN-PLAY","General Election 2020 - 11/03/2020",,"State Senator","34",1,"Scattered",1
"AD","ED","County","EDAD Status","Event","Party/Independent Body","Office/Position Title","District Key","VoteFor","Unit Name","Tally","82","003","Bronx","IN-PLAY","General Election 2020 - 11/03/2020",,"State Senator","34",1,"Public Counter",362
"AD","ED","County","EDAD Status","Event","Party/Independent Body","Office/Position Title","District Key","VoteFor","Unit Name","Tally","82","003","Bronx","IN-PLAY","General Election 2020 - 11/03/2020",,"State Senator","34",1,"Manually Counted Emergency",0
"AD","ED","County","EDAD Status","Event","Party/Independent Body","Office/Position Title","District Key","VoteFor","Unit Name","Tally","82","003","Bronx","IN-PLAY","General Election 2020 - 11/03/2020",,"State Senator","34",1,"Absentee / Military",40
"AD","ED","County","EDAD Status","Event","Party/Independent Body","Office/Position Title","District Key","VoteFor","Unit Name","Tally","82","003","Bronx","IN-PLAY","General Election 2020 - 11/03/2020",,"State Senator","34",1,"Federal",0
"AD","ED","County","EDAD Status","Event","Party/Independent Body","Office/Position Title","District Key","VoteFor","Unit Name","Tally","82","003","Bronx","IN-PLAY","General Election 2020 - 11/03/2020",,"State Senator","34",1,"Special Presidential",0
"AD","ED","County","EDAD Status","Event","Party/Independent Body","Office/Position Title","District Key","VoteFor","Unit Name","Tally","82","003","Bronx","IN-PLAY","General Election 2020 - 11/03/2020",,"State Senator","34",1,"Affidavit",11
"AD","ED","County","EDAD Status","Event","Party/Independent Body","Office/Position Title","District Key","VoteFor","Unit Name","Tally","82","003","Bronx","IN-PLAY","General Election 2020 - 11/03/2020",,"State Senator","34",1,"Alessandra Biaggi (Democratic)",120
"AD","ED","County","EDAD Status","Event","Party/Independent Body","Office/Position Title","District Key","VoteFor","Unit Name","Tally","82","003","Bronx","IN-PLAY","General Election 2020 - 11/03/2020",,"State Senator","34",1,"James B. Gisondi (Republican)",229
"AD","ED","County","EDAD Status","Event","Party/Independent Body","Office/Position Title","District Key","VoteFor","Unit Name","Tally","82","003","Bronx","IN-PLAY","General Election 2020 - 11/03/2020",,"State Senator","34",1,"Antonio Vitiello (Conservative)",29
"AD","ED","County","EDAD Status","Event","Party/Independent Body","Office/Position Title","District Key","VoteFor","Unit Name","Tally","82","003","Bronx","IN-PLAY","General Election 2020 - 11/03/2020",,"State Senator","34",1,"Alessandra Biaggi (Working Families)",15
"AD","ED","County","EDAD Status","Event","Party/Independent Body","Office/Position Title","District Key","VoteFor","Unit Name","Tally","82","004","Bronx","IN-PLAY","General Election 2020 - 11/03/2020",,"State Senator","34",1,"Public Counter",528
"AD","ED","County","EDAD Status","Event","Party/Independent Body","Office/Position Title","District Key","VoteFor","Unit Name","Tally","82","004","Bronx","IN-PLAY","General Election 2020 - 11/03/2020",,"State Senator","34",1,"Manually Counted Emergency",0
"AD","ED","County","EDAD Status","Event","Party/Independent Body","Office/Position Title","District Key","VoteFor","Unit Name","Tally","82","004","Bronx","IN-PLAY","General Election 2020 - 11/03/2020",,"State Senator","34",1,"Absentee / Military",63
"AD","ED","County","EDAD Status","Event","Party/Independent Body","Office/Position Title","District Key","VoteFor","Unit Name","Tally","82","004","Bronx","IN-PLAY","General Election 2020 - 11/03/2020",,"State Senator","34",1,"Federal",2
"AD","ED","County","EDAD Status","Event","Party/Independent Body","Office/Position Title","District Key","VoteFor","Unit Name","Tally","82","004","Bronx","IN-PLAY","General Election 2020 - 11/03/2020",,"State Senator","34",1,"Special Presidential",0
"AD","ED","County","EDAD Status","Event","Party/Independent Body","Office/Position Title","District Key","VoteFor","Unit Name","Tally","82","004","Bronx","IN-PLAY","General Election 2020 - 11/03/2020",,"State Senator","34",1,"Affidavit",13
"AD","ED","County","EDAD Status","Event","Party/Independent Body","Office/Position Title","District Key","VoteFor","Unit Name","Tally","82","004","Bronx","IN-PLAY","General Election 2020 - 11/03/2020",,"State Senator","34",1,"Alessandra Biaggi (Democratic)",219
"AD","ED","County","EDAD Status","Event","Party/Independent Body","Office/Position Title","District Key","VoteFor","Unit Name","Tally","82","004","Bronx","IN-PLAY","General Election 2020 - 11/03/2020",,"State Senator","34",1,"James B. Gisondi (Republican)",299
"AD","ED","County","EDAD Status","Event","Party/Independent Body","Office/Position Title","District Key","VoteFor","Unit Name","Tally","82","004","Bronx","IN-PLAY","General Election 2020 - 11/03/2020",,"State Senator","34",1,"Antonio Vitiello (Conservative)",28
"AD","ED","County","EDAD Status","Event","Party/Independent Body","Office/Position Title","District Key","VoteFor","Unit Name","Tally","82","004","Bronx","IN-PLAY","General Election 2020 - 11/03/2020",,"State Senator","34",1,"Alessandra Biaggi (Working Families)",30
"AD","ED","County","EDAD Status","Event","Party/Independent Body","Office/Position Title","District Key","VoteFor","Unit Name","Tally","82","005","Bronx","IN-PLAY","General Election 2020 - 11/03/2020",,"State Senator","34",1,"Public Counter",672
"AD","ED","County","EDAD Status","Event","Party/Independent Body","Office/Position Title","District Key","VoteFor","Unit Name","Tally","82","005","Bronx","IN-PLAY","General Election 2020 - 11/03/2020",,"State Senator","34",1,"Manually Counted Emergency",0
"AD","ED","County","EDAD Status","Event","Party/Independent Body","Office/Position Title","District Key","VoteFor","Unit Name","Tally","82","005","Bronx","IN-PLAY","General Election 2020 - 11/03/2020",,"State Senator","34",1,"Absentee / Military",74
"AD","ED","County","EDAD Status","Event","Party/Independent Body","Office/Position Title","District Key","VoteFor","Unit Name","Tally","82","005","Bronx","IN-PLAY","General Election 2020 - 11/03/2020",,"State Senator","34",1,"Federal",1
"AD","ED","County","EDAD Status","Event","Party/Independent Body","Office/Position Title","District Key","VoteFor","Unit Name","Tally","82","005","Bronx","IN-PLAY","General Election 2020 - 11/03/2020",,"State Senator","34",1,"Special Presidential",0
"AD","ED","County","EDAD Status","Event","Party/Independent Body","Office/Position Title","District Key","VoteFor","Unit Name","Tally","82","005","Bronx","IN-PLAY","General Election 2020 - 11/03/2020",,"State Senator","34",1,"Affidavit",9
"AD","ED","County","EDAD Status","Event","Party/Independent Body","Office/Position Title","District Key","VoteFor","Unit Name","Tally","82","005","Bronx","IN-PLAY","General Election 2020 - 11/03/2020",,"State Senator","34",1,"Alessandra Biaggi (Democratic)",373
"AD","ED","County","EDAD Status","Event","Party/Independent Body","Office/Position Title","District Key","VoteFor","Unit Name","Tally","82","005","Bronx","IN-PLAY","General Election 2020 - 11/03/2020",,"State Senator","34",1,"James B. Gisondi (Republican)",277
"AD","ED","County","EDAD Status","Event","Party/Independent Body","Office/Position Title","District Key","VoteFor","Unit Name","Tally","82","005","Bronx","IN-PLAY","General Election 2020 - 11/03/2020",,"State Senator","34",1,"Antonio Vitiello (Conservative)",38
"AD","ED","County","EDAD Status","Event","Party/Independent Body","Office/Position Title","District Key","VoteFor","Unit Name","Tally","82","005","Bronx","IN-PLAY","General Election 2020 - 11/03/2020",,"State Senator","34",1,"Alessandra Biaggi (Working Families)",41
"AD","ED","County","EDAD Status","Event","Party/Independent Body","Office/Position Title","District Key","VoteFor","Unit Name","Tally","82","006","Bronx","IN-PLAY","General Election 2020 - 11/03/2020",,"State Senator","34",1,"Public Counter",518
"AD","ED","County","EDAD Status","Event","Party/Independent Body","Office/Position Title","District Key","VoteFor","Unit Name","Tally","82","006","Bronx","IN-PLAY","General Election 2020 - 11/03/2020",,"State Senator","34",1,"Manually Counted Emergency",0
"AD","ED","County","EDAD Status","Event","Party/Independent Body","Office/Position Title","District Key","VoteFor","Unit Name","Tally","82","006","Bronx","IN-PLAY","General Election 2020 - 11/03/2020",,"State Senator","34",1,"Absentee / Military",168
"AD","ED","County","EDAD Status","Event","Party/Independent Body","Office/Position Title","District Key","VoteFor","Unit Name","Tally","82","006","Bronx","IN-PLAY","General Election 2020 - 11/03/2020",,"State Senator","34",1,"Federal",4
"AD","ED","County","EDAD Status","Event","Party/Independent Body","Office/Position Title","District Key","VoteFor","Unit Name","Tally","82","006","Bronx","IN-PLAY","General Election 2020 - 11/03/2020",,"State Senator","34",1,"Special Presidential",0
"AD","ED","County","EDAD Status","Event","Party/Independent Body","Office/Position Title","District Key","VoteFor","Unit Name","Tally","82","006","Bronx","IN-PLAY","General Election 2020 - 11/03/2020",,"State Senator","34",1,"Affidavit",9
"AD","ED","County","EDAD Status","Event","Party/Independent Body","Office/Position Title","District Key","VoteFor","Unit Name","Tally","82","006","Bronx","IN-PLAY","General Election 2020 - 11/03/2020",,"State Senator","34",1,"Alessandra Biaggi (Democratic)",412
"AD","ED","County","EDAD Status","Event","Party/Independent Body","Office/Position Title","District Key","VoteFor","Unit Name","Tally","82","006","Bronx","IN-PLAY","General Election 2020 - 11/03/2020",,"State Senator","34",1,"James B. Gisondi (Republican)",206
"AD","ED","County","EDAD Status","Event","Party/Independent Body","Office/Position Title","District Key","VoteFor","Unit Name","Tally","82","006","Bronx","IN-PLAY","General Election 2020 - 11/03/2020",,"State Senator","34",1,"Antonio Vitiello (Conservative)",33
"AD","ED","County","EDAD Status","Event","Party/Independent Body","Office/Position Title","District Key","VoteFor","Unit Name","Tally","82","006","Bronx","IN-PLAY","General Election 2020 - 11/03/2020",,"State Senator","34",1,"Alessandra Biaggi (Working Families)",27
"AD","ED","County","EDAD Status","Event","Party/Independent Body","Office/Position Title","District Key","VoteFor","Unit Name","Tally","82","007","Bronx","IN-PLAY","General Election 2020 - 11/03/2020",,"State Senator","34",1,"Public Counter",538
"AD","ED","County","EDAD Status","Event","Party/Independent Body","Office/Position Title","District Key","VoteFor","Unit Name","Tally","82","007","Bronx","IN-PLAY","General Election 2020 - 11/03/2020",,"State Senator","34",1,"Manually Counted Emergency",0
"AD","ED","County","EDAD Status","Event","Party/Independent Body","Office/Position Title","District Key","VoteFor","Unit Name","Tally","82","007","Bronx","IN-PLAY","General Election 2020 - 11/03/2020",,"State Senator","34",1,"Absentee / Military",58
"AD","ED","County","EDAD Status","Event","Party/Independent Body","Office/Position Title","District Key","VoteFor","Unit Name","Tally","82","007","Bronx","IN-PLAY","General Election 2020 - 11/03/2020",,"State Senator","34",1,"Federal",1
"AD","ED","County","EDAD Status","Event","Party/Independent Body","Office/Position Title","District Key","VoteFor","Unit Name","Tally","82","007","Bronx","IN-PLAY","General Election 2020 - 11/03/2020",,"State Senator","34",1,"Special Presidential",0
"AD","ED","County","EDAD Status","Event","Party/Independent Body","Office/Position Title","District Key","VoteFor","Unit Name","Tally","82","007","Bronx","IN-PLAY","General Election 2020 - 11/03/2020",,"State Senator","34",1,"Affidavit",8
"AD","ED","County","EDAD Status","Event","Party/Independent Body","Office/Position Title","District Key","VoteFor","Unit Name","Tally","82","007","Bronx","IN-PLAY","General Election 2020 - 11/03/2020",,"State Senator","34",1,"Alessandra Biaggi (Democratic)",318
"AD","ED","County","EDAD Status","Event","Party/Independent Body","Office/Position Title","District Key","VoteFor","Unit Name","Tally","82","007","Bronx","IN-PLAY","General Election 2020 - 11/03/2020",,"State Senator","34",1,"James B. Gisondi (Republican)",199
"AD","ED","County","EDAD Status","Event","Party/Independent Body","Office/Position Title","District Key","VoteFor","Unit Name","Tally","82","007","Bronx","IN-PLAY","General Election 2020 - 11/03/2020",,"State Senator","34",1,"Antonio Vitiello (Conservative)",33
"AD","ED","County","EDAD Status","Event","Party/Independent Body","Office/Position Title","District Key","VoteFor","Unit Name","Tally","82","007","Bronx","IN-PLAY","General Election 2020 - 11/03/2020",,"State Senator","34",1,"Alessandra Biaggi (Working Families)",29
"AD","ED","County","EDAD Status","Event","Party/Independent Body","Office/Position Title","District Key","VoteFor","Unit Name","Tally","82","008","Bronx","IN-PLAY","General Election 2020 - 11/03/2020",,"State Senator","34",1,"Public Counter",606
"AD","ED","County","EDAD Status","Event","Party/Independent Body","Office/Position Title","District Key","VoteFor","Unit Name","Tally","82","008","Bronx","IN-PLAY","General Election 2020 - 11/03/2020",,"State Senator","34",1,"Manually Counted Emergency",0
"AD","ED","County","EDAD Status","Event","Party/Independent Body","Office/Position Title","District Key","VoteFor","Unit Name","Tally","82","008","Bronx","IN-PLAY","General Election 2020 - 11/03/2020",,"State Senator","34",1,"Absentee / Military",108
"AD","ED","County","EDAD Status","Event","Party/Independent Body","Office/Position Title","District Key","VoteFor","Unit Name","Tally","82","008","Bronx","IN-PLAY","General Election 2020 - 11/03/2020",,"State Senator","34",1,"Federal",0
"AD","ED","County","EDAD Status","Event","Party/Independent Body","Office/Position Title","District Key","VoteFor","Unit Name","Tally","82","008","Bronx","IN-PLAY","General Election 2020 - 11/03/2020",,"State Senator","34",1,"Special Presidential",0
"AD","ED","County","EDAD Status","Event","Party/Independent Body","Office/Position Title","District Key","VoteFor","Unit Name","Tally","82","008","Bronx","IN-PLAY","General Election 2020 - 11/03/2020",,"State Senator","34",1,"Affidavit",10
"AD","ED","County","EDAD Status","Event","Party/Independent Body","Office/Position Title","District Key","VoteFor","Unit Name","Tally","82","008","Bronx","IN-PLAY","General Election 2020 - 11/03/2020",,"State Senator","34",1,"Alessandra Biaggi (Democratic)",493
"AD","ED","County","EDAD Status","Event","Party/Independent Body","Office/Position Title","District Key","VoteFor","Unit Name","Tally","82","008","Bronx","IN-PLAY","General Election 2020 - 11/03/2020",,"State Senator","34",1,"James B. Gisondi (Republican)",151
"AD","ED","County","EDAD Status","Event","Party/Independent Body","Office/Position Title","District Key","VoteFor","Unit Name","Tally","82","008","Bronx","IN-PLAY","General Election 2020 - 11/03/2020",,"State Senator","34",1,"Antonio Vitiello (Conservative)",30
"AD","ED","County","EDAD Status","Event","Party/Independent Body","Office/Position Title","District Key","VoteFor","Unit Name","Tally","82","008","Bronx","IN-PLAY","General Election 2020 - 11/03/2020",,"State Senator","34",1,"Alessandra Biaggi (Working Families)",36
"AD","ED","County","EDAD Status","Event","Party/Independent Body","Office/Position Title","District Key","VoteFor","Unit Name","Tally","82","009","Bronx","IN-PLAY","General Election 2020 - 11/03/2020",,"State Senator","34",1,"Public Counter",552
"AD","ED","County","EDAD Status","Event","Party/Independent Body","Office/Position Title","District Key","VoteFor","Unit Name","Tally","82","009","Bronx","IN-PLAY","General Election 2020 - 11/03/2020",,"State Senator","34",1,"Manually Counted Emergency",0
"AD","ED","County","EDAD Status","Event","Party/Independent Body","Office/Position Title","District Key","VoteFor","Unit Name","Tally","82","009","Bronx","IN-PLAY","General Election 2020 - 11/03/2020",,"State Senator","34",1,"Absentee / Military",83
"AD","ED","County","EDAD Status","Event","Party/Independent Body","Office/Position Title","District Key","VoteFor","Unit Name","Tally","82","009","Bronx","IN-PLAY","General Election 2020 - 11/03/2020",,"State Senator","34",1,"Federal",2
"AD","ED","County","EDAD Status","Event","Party/Independent Body","Office/Position Title","District Key","VoteFor","Unit Name","Tally","82","009","Bronx","IN-PLAY","General Election 2020 - 11/03/2020",,"State Senator","34",1,"Special Presidential",0
"AD","ED","County","EDAD Status","Event","Party/Independent Body","Office/Position Title","District Key","VoteFor","Unit Name","Tally","82","009","Bronx","IN-PLAY","General Election 2020 - 11/03/2020",,"State Senator","34",1,"Affidavit",10
"AD","ED","County","EDAD Status","Event","Party/Independent Body","Office/Position Title","District Key","VoteFor","Unit Name","Tally","82","009","Bronx","IN-PLAY","General Election 2020 - 11/03/2020",,"State Senator","34",1,"Alessandra Biaggi (Democratic)",377
"AD","ED","County","EDAD Status","Event","Party/Independent Body","Office/Position Title","District Key","VoteFor","Unit Name","Tally","82","009","Bronx","IN-PLAY","General Election 2020 - 11/03/2020",,"State Senator","34",1,"James B. Gisondi (Republican)",181
"AD","ED","County","EDAD Status","Event","Party/Independent Body","Office/Position Title","District Key","VoteFor","Unit Name","Tally","82","009","Bronx","IN-PLAY","General Election 2020 - 11/03/2020",,"State Senator","34",1,"Antonio Vitiello (Conservative)",24
"AD","ED","County","EDAD Status","Event","Party/Independent Body","Office/Position Title","District Key","VoteFor","Unit Name","Tally","82","009","Bronx","IN-PLAY","General Election 2020 - 11/03/2020",,"State Senator","34",1,"Alessandra Biaggi (Working Families)",41
"AD","ED","County","EDAD Status","Event","Party/Independent Body","Office/Position Title","District Key","VoteFor","Unit Name","Tally","82","009","Bronx","IN-PLAY","General Election 2020 - 11/03/2020",,"State Senator","34",1,"Scattered",1
"AD","ED","County","EDAD Status","Event","Party/Independent Body","Office/Position Title","District Key","VoteFor","Unit Name","Tally","82","010","Bronx","IN-PLAY","General Election 2020 - 11/03/2020",,"State Senator","34",1,"Public Counter",634
"AD","ED","County","EDAD Status","Event","Party/Independent Body","Office/Position Title","District Key","VoteFor","Unit Name","Tally","82","010","Bronx","IN-PLAY","General Election 2020 - 11/03/2020",,"State Senator","34",1,"Manually Counted Emergency",0
"AD","ED","County","EDAD Status","Event","Party/Independent Body","Office/Position Title","District Key","VoteFor","Unit Name","Tally","82","010","Bronx","IN-PLAY","General Election 2020 - 11/03/2020",,"State Senator","34",1,"Absentee / Military",75
"AD","ED","County","EDAD Status","Event","Party/Independent Body","Office/Position Title","District Key","VoteFor","Unit Name","Tally","82","010","Bronx","IN-PLAY","General Election 2020 - 11/03/2020",,"State Senator","34",1,"Federal",1
"AD","ED","County","EDAD Status","Event","Party/Independent Body","Office/Position Title","District Key","VoteFor","Unit Name","Tally","82","010","Bronx","IN-PLAY","General Election 2020 - 11/03/2020",,"State Senator","34",1,"Special Presidential",0
"AD","ED","County","EDAD Status","Event","Party/Independent Body","Office/Position Title","District Key","VoteFor","Unit Name","Tally","82","010","Bronx","IN-PLAY","General Election 2020 - 11/03/2020",,"State Senator","34",1,"Affidavit",11
"AD","ED","County","EDAD Status","Event","Party/Independent Body","Office/Position Title","District Key","VoteFor","Unit Name","Tally","82","010","Bronx","IN-PLAY","General Election 2020 - 11/03/2020",,"State Senator","34",1,"Alessandra Biaggi (Democratic)",444
"AD","ED","County","EDAD Status","Event","Party/Independent Body","Office/Position Title","District Key","VoteFor","Unit Name","Tally","82","010","Bronx","IN-PLAY","General Election 2020 - 11/03/2020",,"State Senator","34",1,"James B. Gisondi (Republican)",177
"AD","ED","County","EDAD Status","Event","Party/Independent Body","Office/Position Title","District Key","VoteFor","Unit Name","Tally","82","010","Bronx","IN-PLAY","General Election 2020 - 11/03/2020",,"State Senator","34",1,"Antonio Vitiello (Conservative)",28
"AD","ED","County","EDAD Status","Event","Party/Independent Body","Office/Position Title","District Key","VoteFor","Unit Name","Tally","82","010","Bronx","IN-PLAY","General Election 2020 - 11/03/2020",,"State Senator","34",1,"Alessandra Biaggi (Working Families)",44
"AD","ED","County","EDAD Status","Event","Party/Independent Body","Office/Position Title","District Key","VoteFor","Unit Name","Tally","82","010","Bronx","IN-PLAY","General Election 2020 - 11/03/2020",,"State Senator","34",1,"Scattered",2
"AD","ED","County","EDAD Status","Event","Party/Independent Body","Office/Position Title","District Key","VoteFor","Unit Name","Tally","82","011","Bronx","IN-PLAY","General Election 2020 - 11/03/2020",,"State Senator","34",1,"Public Counter",522
"AD","ED","County","EDAD Status","Event","Party/Independent Body","Office/Position Title","District Key","VoteFor","Unit Name","Tally","82","011","Bronx","IN-PLAY","General Election 2020 - 11/03/2020",,"State Senator","34",1,"Manually Counted Emergency",0
"AD","ED","County","EDAD Status","Event","Party/Independent Body","Office/Position Title","District Key","VoteFor","Unit Name","Tally","82","011","Bronx","IN-PLAY","General Election 2020 - 11/03/2020",,"State Senator","34",1,"Absentee / Military",93
"AD","ED","County","EDAD Status","Event","Party/Independent Body","Office/Position Title","District Key","VoteFor","Unit Name","Tally","82","011","Bronx","IN-PLAY","General Election 2020 - 11/03/2020",,"State Senator","34",1,"Federal",0
"AD","ED","County","EDAD Status","Event","Party/Independent Body","Office/Position Title","District Key","VoteFor","Unit Name","Tally","82","011","Bronx","IN-PLAY","General Election 2020 - 11/03/2020",,"State Senator","34",1,"Special Presidential",0
"AD","ED","County","EDAD Status","Event","Party/Independent Body","Office/Position Title","District Key","VoteFor","Unit Name","Tally","82","011","Bronx","IN-PLAY","General Election 2020 - 11/03/2020",,"State Senator","34",1,"Affidavit",6
"AD","ED","County","EDAD Status","Event","Party/Independent Body","Office/Position Title","District Key","VoteFor","Unit Name","Tally","82","011","Bronx","IN-PLAY","General Election 2020 - 11/03/2020",,"State Senator","34",1,"Alessandra Biaggi (Democratic)",366
"AD","ED","County","EDAD Status","Event","Party/Independent Body","Office/Position Title","District Key","VoteFor","Unit Name","Tally","82","011","Bronx","IN-PLAY","General Election 2020 - 11/03/2020",,"State Senator","34",1,"James B. Gisondi (Republican)",163
"AD","ED","County","EDAD Status","Event","Party/Independent Body","Office/Position Title","District Key","VoteFor","Unit Name","Tally","82","011","Bronx","IN-PLAY","General Election 2020 - 11/03/2020",,"State Senator","34",1,"Antonio Vitiello (Conservative)",25
"AD","ED","County","EDAD Status","Event","Party/Independent Body","Office/Position Title","District Key","VoteFor","Unit Name","Tally","82","011","Bronx","IN-PLAY","General Election 2020 - 11/03/2020",,"State Senator","34",1,"Alessandra Biaggi (Working Families)",41
"AD","ED","County","EDAD Status","Event","Party/Independent Body","Office/Position Title","District Key","VoteFor","Unit Name","Tally","82","012","Bronx","IN-PLAY","General Election 2020 - 11/03/2020",,"State Senator","34",1,"Public Counter",289
"AD","ED","County","EDAD Status","Event","Party/Independent Body","Office/Position Title","District Key","VoteFor","Unit Name","Tally","82","012","Bronx","IN-PLAY","General Election 2020 - 11/03/2020",,"State Senator","34",1,"Manually Counted Emergency",0
"AD","ED","County","EDAD Status","Event","Party/Independent Body","Office/Position Title","District Key","VoteFor","Unit Name","Tally","82","012","Bronx","IN-PLAY","General Election 2020 - 11/03/2020",,"State Senator","34",1,"Absentee / Military",42
"AD","ED","County","EDAD Status","Event","Party/Independent Body","Office/Position Title","District Key","VoteFor","Unit Name","Tally","82","012","Bronx","IN-PLAY","General Election 2020 - 11/03/2020",,"State Senator","34",1,"Federal",0
"AD","ED","County","EDAD Status","Event","Party/Independent Body","Office/Position Title","District Key","VoteFor","Unit Name","Tally","82","012","Bronx","IN-PLAY","General Election 2020 - 11/03/2020",,"State Senator","34",1,"Special Presidential",0
"AD","ED","County","EDAD Status","Event","Party/Independent Body","Office/Position Title","District Key","VoteFor","Unit Name","Tally","82","012","Bronx","IN-PLAY","General Election 2020 - 11/03/2020",,"State Senator","34",1,"Affidavit",6
"AD","ED","County","EDAD Status","Event","Party/Independent Body","Office/Position Title","District Key","VoteFor","Unit Name","Tally","82","012","Bronx","IN-PLAY","General Election 2020 - 11/03/2020",,"State Senator","34",1,"Alessandra Biaggi (Democratic)",260
"AD","ED","County","EDAD Status","Event","Party/Independent Body","Office/Position Title","District Key","VoteFor","Unit Name","Tally","82","012","Bronx","IN-PLAY","General Election 2020 - 11/03/2020",,"State Senator","34",1,"James B. Gisondi (Republican)",27
"AD","ED","County","EDAD Status","Event","Party/Independent Body","Office/Position Title","District Key","VoteFor","Unit Name","Tally","82","012","Bronx","IN-PLAY","General Election 2020 - 11/03/2020",,"State Senator","34",1,"Antonio Vitiello (Conservative)",8
"AD","ED","County","EDAD Status","Event","Party/Independent Body","Office/Position Title","District Key","VoteFor","Unit Name","Tally","82","012","Bronx","IN-PLAY","General Election 2020 - 11/03/2020",,"State Senator","34",1,"Alessandra Biaggi (Working Families)",15
"AD","ED","County","EDAD Status","Event","Party/Independent Body","Office/Position Title","District Key","VoteFor","Unit Name","Tally","82","013","Bronx","IN-PLAY","General Election 2020 - 11/03/2020",,"State Senator","34",1,"Public Counter",375
"AD","ED","County","EDAD Status","Event","Party/Independent Body","Office/Position Title","District Key","VoteFor","Unit Name","Tally","82","013","Bronx","IN-PLAY","General Election 2020 - 11/03/2020",,"State Senator","34",1,"Manually Counted Emergency",0
"AD","ED","County","EDAD Status","Event","Party/Independent Body","Office/Position Title","District Key","VoteFor","Unit Name","Tally","82","013","Bronx","IN-PLAY","General Election 2020 - 11/03/2020",,"State Senator","34",1,"Absentee / Military",31
"AD","ED","County","EDAD Status","Event","Party/Independent Body","Office/Position Title","District Key","VoteFor","Unit Name","Tally","82","013","Bronx","IN-PLAY","General Election 2020 - 11/03/2020",,"State Senator","34",1,"Federal",0
"AD","ED","County","EDAD Status","Event","Party/Independent Body","Office/Position Title","District Key","VoteFor","Unit Name","Tally","82","013","Bronx","IN-PLAY","General Election 2020 - 11/03/2020",,"State Senator","34",1,"Special Presidential",0
"AD","ED","County","EDAD Status","Event","Party/Independent Body","Office/Position Title","District Key","VoteFor","Unit Name","Tally","82","013","Bronx","IN-PLAY","General Election 2020 - 11/03/2020",,"State Senator","34",1,"Affidavit",5
"AD","ED","County","EDAD Status","Event","Party/Independent Body","Office/Position Title","District Key","VoteFor","Unit Name","Tally","82","013","Bronx","IN-PLAY","General Election 2020 - 11/03/2020",,"State Senator","34",1,"Alessandra Biaggi (Democratic)",331
"AD","ED","County","EDAD Status","Event","Party/Independent Body","Office/Position Title","District Key","VoteFor","Unit Name","Tally","82","013","Bronx","IN-PLAY","General Election 2020 - 11/03/2020",,"State Senator","34",1,"James B. Gisondi (Republican)",33
"AD","ED","County","EDAD Status","Event","Party/Independent Body","Office/Position Title","District Key","VoteFor","Unit Name","Tally","82","013","Bronx","IN-PLAY","General Election 2020 - 11/03/2020",,"State Senator","34",1,"Antonio Vitiello (Conservative)",2
"AD","ED","County","EDAD Status","Event","Party/Independent Body","Office/Position Title","District Key","VoteFor","Unit Name","Tally","82","013","Bronx","IN-PLAY","General Election 2020 - 11/03/2020",,"State Senator","34",1,"Alessandra Biaggi (Working Families)",24
"AD","ED","County","EDAD Status","Event","Party/Independent Body","Office/Position Title","District Key","VoteFor","Unit Name","Tally","82","014","Bronx","IN-PLAY","General Election 2020 - 11/03/2020",,"State Senator","34",1,"Public Counter",169
"AD","ED","County","EDAD Status","Event","Party/Independent Body","Office/Position Title","District Key","VoteFor","Unit Name","Tally","82","014","Bronx","IN-PLAY","General Election 2020 - 11/03/2020",,"State Senator","34",1,"Manually Counted Emergency",0
"AD","ED","County","EDAD Status","Event","Party/Independent Body","Office/Position Title","District Key","VoteFor","Unit Name","Tally","82","014","Bronx","IN-PLAY","General Election 2020 - 11/03/2020",,"State Senator","34",1,"Absentee / Military",26
"AD","ED","County","EDAD Status","Event","Party/Independent Body","Office/Position Title","District Key","VoteFor","Unit Name","Tally","82","014","Bronx","IN-PLAY","General Election 2020 - 11/03/2020",,"State Senator","34",1,"Federal",1
"AD","ED","County","EDAD Status","Event","Party/Independent Body","Office/Position Title","District Key","VoteFor","Unit Name","Tally","82","014","Bronx","IN-PLAY","General Election 2020 - 11/03/2020",,"State Senator","34",1,"Special Presidential",0
"AD","ED","County","EDAD Status","Event","Party/Independent Body","Office/Position Title","District Key","VoteFor","Unit Name","Tally","82","014","Bronx","IN-PLAY","General Election 2020 - 11/03/2020",,"State Senator","34",1,"Affidavit",6
"AD","ED","County","EDAD Status","Event","Party/Independent Body","Office/Position Title","District Key","VoteFor","Unit Name","Tally","82","014","Bronx","IN-PLAY","General Election 2020 - 11/03/2020",,"State Senator","34",1,"Alessandra Biaggi (Democratic)",160
"AD","ED","County","EDAD Status","Event","Party/Independent Body","Office/Position Title","District Key","VoteFor","Unit Name","Tally","82","014","Bronx","IN-PLAY","General Election 2020 - 11/03/2020",,"State Senator","34",1,"James B. Gisondi (Republican)",15
"AD","ED","County","EDAD Status","Event","Party/Independent Body","Office/Position Title","District Key","VoteFor","Unit Name","Tally","82","014","Bronx","IN-PLAY","General Election 2020 - 11/03/2020",,"State Senator","34",1,"Antonio Vitiello (Conservative)",4
"AD","ED","County","EDAD Status","Event","Party/Independent Body","Office/Position Title","District Key","VoteFor","Unit Name","Tally","82","014","Bronx","IN-PLAY","General Election 2020 - 11/03/2020",,"State Senator","34",1,"Alessandra Biaggi (Working Families)",11
"AD","ED","County","EDAD Status","Event","Party/Independent Body","Office/Position Title","District Key","VoteFor","Unit Name","Tally","82","015","Bronx","IN-PLAY","General Election 2020 - 11/03/2020",,"State Senator","34",1,"Public Counter",469
"AD","ED","County","EDAD Status","Event","Party/Independent Body","Office/Position Title","District Key","VoteFor","Unit Name","Tally","82","015","Bronx","IN-PLAY","General Election 2020 - 11/03/2020",,"State Senator","34",1,"Manually Counted Emergency",0
"AD","ED","County","EDAD Status","Event","Party/Independent Body","Office/Position Title","District Key","VoteFor","Unit Name","Tally","82","015","Bronx","IN-PLAY","General Election 2020 - 11/03/2020",,"State Senator","34",1,"Absentee / Military",44
"AD","ED","County","EDAD Status","Event","Party/Independent Body","Office/Position Title","District Key","VoteFor","Unit Name","Tally","82","015","Bronx","IN-PLAY","General Election 2020 - 11/03/2020",,"State Senator","34",1,"Federal",0
"AD","ED","County","EDAD Status","Event","Party/Independent Body","Office/Position Title","District Key","VoteFor","Unit Name","Tally","82","015","Bronx","IN-PLAY","General Election 2020 - 11/03/2020",,"State Senator","34",1,"Special Presidential",0
"AD","ED","County","EDAD Status","Event","Party/Independent Body","Office/Position Title","District Key","VoteFor","Unit Name","Tally","82","015","Bronx","IN-PLAY","General Election 2020 - 11/03/2020",,"State Senator","34",1,"Affidavit",3
"AD","ED","County","EDAD Status","Event","Party/Independent Body","Office/Position Title","District Key","VoteFor","Unit Name","Tally","82","015","Bronx","IN-PLAY","General Election 2020 - 11/03/2020",,"State Senator","34",1,"Alessandra Biaggi (Democratic)",399
"AD","ED","County","EDAD Status","Event","Party/Independent Body","Office/Position Title","District Key","VoteFor","Unit Name","Tally","82","015","Bronx","IN-PLAY","General Election 2020 - 11/03/2020",,"State Senator","34",1,"James B. Gisondi (Republican)",46
"AD","ED","County","EDAD Status","Event","Party/Independent Body","Office/Position Title","District Key","VoteFor","Unit Name","Tally","82","015","Bronx","IN-PLAY","General Election 2020 - 11/03/2020",,"State Senator","34",1,"Antonio Vitiello (Conservative)",7
"AD","ED","County","EDAD Status","Event","Party/Independent Body","Office/Position Title","District Key","VoteFor","Unit Name","Tally","82","015","Bronx","IN-PLAY","General Election 2020 - 11/03/2020",,"State Senator","34",1,"Alessandra Biaggi (Working Families)",15
"AD","ED","County","EDAD Status","Event","Party/Independent Body","Office/Position Title","District Key","VoteFor","Unit Name","Tally","82","015","Bronx","IN-PLAY","General Election 2020 - 11/03/2020",,"State Senator","34",1,"Scattered",1
"AD","ED","County","EDAD Status","Event","Party/Independent Body","Office/Position Title","District Key","VoteFor","Unit Name","Tally","82","016","Bronx","IN-PLAY","General Election 2020 - 11/03/2020",,"State Senator","34",1,"Public Counter",521
"AD","ED","County","EDAD Status","Event","Party/Independent Body","Office/Position Title","District Key","VoteFor","Unit Name","Tally","82","016","Bronx","IN-PLAY","General Election 2020 - 11/03/2020",,"State Senator","34",1,"Manually Counted Emergency",0
"AD","ED","County","EDAD Status","Event","Party/Independent Body","Office/Position Title","District Key","VoteFor","Unit Name","Tally","82","016","Bronx","IN-PLAY","General Election 2020 - 11/03/2020",,"State Senator","34",1,"Absentee / Military",100
"AD","ED","County","EDAD Status","Event","Party/Independent Body","Office/Position Title","District Key","VoteFor","Unit Name","Tally","82","016","Bronx","IN-PLAY","General Election 2020 - 11/03/2020",,"State Senator","34",1,"Federal",2
"AD","ED","County","EDAD Status","Event","Party/Independent Body","Office/Position Title","District Key","VoteFor","Unit Name","Tally","82","016","Bronx","IN-PLAY","General Election 2020 - 11/03/2020",,"State Senator","34",1,"Special Presidential",0
"AD","ED","County","EDAD Status","Event","Party/Independent Body","Office/Position Title","District Key","VoteFor","Unit Name","Tally","82","016","Bronx","IN-PLAY","General Election 2020 - 11/03/2020",,"State Senator","34",1,"Affidavit",16
"AD","ED","County","EDAD Status","Event","Party/Independent Body","Office/Position Title","District Key","VoteFor","Unit Name","Tally","82","016","Bronx","IN-PLAY","General Election 2020 - 11/03/2020",,"State Senator","34",1,"Alessandra Biaggi (Democratic)",382
"AD","ED","County","EDAD Status","Event","Party/Independent Body","Office/Position Title","District Key","VoteFor","Unit Name","Tally","82","016","Bronx","IN-PLAY","General Election 2020 - 11/03/2020",,"State Senator","34",1,"James B. Gisondi (Republican)",165
"AD","ED","County","EDAD Status","Event","Party/Independent Body","Office/Position Title","District Key","VoteFor","Unit Name","Tally","82","016","Bronx","IN-PLAY","General Election 2020 - 11/03/2020",,"State Senator","34",1,"Antonio Vitiello (Conservative)",18
"AD","ED","County","EDAD Status","Event","Party/Independent Body","Office/Position Title","District Key","VoteFor","Unit Name","Tally","82","016","Bronx","IN-PLAY","General Election 2020 - 11/03/2020",,"State Senator","34",1,"Alessandra Biaggi (Working Families)",30
"AD","ED","County","EDAD Status","Event","Party/Independent Body","Office/Position Title","District Key","VoteFor","Unit Name","Tally","82","017","Bronx","IN-PLAY","General Election 2020 - 11/03/2020",,"State Senator","34",1,"Public Counter",504
"AD","ED","County","EDAD Status","Event","Party/Independent Body","Office/Position Title","District Key","VoteFor","Unit Name","Tally","82","017","Bronx","IN-PLAY","General Election 2020 - 11/03/2020",,"State Senator","34",1,"Manually Counted Emergency",0
"AD","ED","County","EDAD Status","Event","Party/Independent Body","Office/Position Title","District Key","VoteFor","Unit Name","Tally","82","017","Bronx","IN-PLAY","General Election 2020 - 11/03/2020",,"State Senator","34",1,"Absentee / Military",91
"AD","ED","County","EDAD Status","Event","Party/Independent Body","Office/Position Title","District Key","VoteFor","Unit Name","Tally","82","017","Bronx","IN-PLAY","General Election 2020 - 11/03/2020",,"State Senator","34",1,"Federal",1
"AD","ED","County","EDAD Status","Event","Party/Independent Body","Office/Position Title","District Key","VoteFor","Unit Name","Tally","82","017","Bronx","IN-PLAY","General Election 2020 - 11/03/2020",,"State Senator","34",1,"Special Presidential",0
"AD","ED","County","EDAD Status","Event","Party/Independent Body","Office/Position Title","District Key","VoteFor","Unit Name","Tally","82","017","Bronx","IN-PLAY","General Election 2020 - 11/03/2020",,"State Senator","34",1,"Affidavit",12
"AD","ED","County","EDAD Status","Event","Party/Independent Body","Office/Position Title","District Key","VoteFor","Unit Name","Tally","82","017","Bronx","IN-PLAY","General Election 2020 - 11/03/2020",,"State Senator","34",1,"Alessandra Biaggi (Democratic)",340
"AD","ED","County","EDAD Status","Event","Party/Independent Body","Office/Position Title","District Key","VoteFor","Unit Name","Tally","82","017","Bronx","IN-PLAY","General Election 2020 - 11/03/2020",,"State Senator","34",1,"James B. Gisondi (Republican)",183
"AD","ED","County","EDAD Status","Event","Party/Independent Body","Office/Position Title","District Key","VoteFor","Unit Name","Tally","82","017","Bronx","IN-PLAY","General Election 2020 - 11/03/2020",,"State Senator","34",1,"Antonio Vitiello (Conservative)",22
"AD","ED","County","EDAD Status","Event","Party/Independent Body","Office/Position Title","District Key","VoteFor","Unit Name","Tally","82","017","Bronx","IN-PLAY","General Election 2020 - 11/03/2020",,"State Senator","34",1,"Alessandra Biaggi (Working Families)",34
"AD","ED","County","EDAD Status","Event","Party/Independent Body","Office/Position Title","District Key","VoteFor","Unit Name","Tally","82","017","Bronx","IN-PLAY","General Election 2020 - 11/03/2020",,"State Senator","34",1,"Scattered",2
"AD","ED","County","EDAD Status","Event","Party/Independent Body","Office/Position Title","District Key","VoteFor","Unit Name","Tally","82","018","Bronx","IN-PLAY","General Election 2020 - 11/03/2020",,"State Senator","34",1,"Public Counter",319
"AD","ED","County","EDAD Status","Event","Party/Independent Body","Office/Position Title","District Key","VoteFor","Unit Name","Tally","82","018","Bronx","IN-PLAY","General Election 2020 - 11/03/2020",,"State Senator","34",1,"Manually Counted Emergency",0
"AD","ED","County","EDAD Status","Event","Party/Independent Body","Office/Position Title","District Key","VoteFor","Unit Name","Tally","82","018","Bronx","IN-PLAY","General Election 2020 - 11/03/2020",,"State Senator","34",1,"Absentee / Military",51
"AD","ED","County","EDAD Status","Event","Party/Independent Body","Office/Position Title","District Key","VoteFor","Unit Name","Tally","82","018","Bronx","IN-PLAY","General Election 2020 - 11/03/2020",,"State Senator","34",1,"Federal",0
"AD","ED","County","EDAD Status","Event","Party/Independent Body","Office/Position Title","District Key","VoteFor","Unit Name","Tally","82","018","Bronx","IN-PLAY","General Election 2020 - 11/03/2020",,"State Senator","34",1,"Special Presidential",0
"AD","ED","County","EDAD Status","Event","Party/Independent Body","Office/Position Title","District Key","VoteFor","Unit Name","Tally","82","018","Bronx","IN-PLAY","General Election 2020 - 11/03/2020",,"State Senator","34",1,"Affidavit",6
"AD","ED","County","EDAD Status","Event","Party/Independent Body","Office/Position Title","District Key","VoteFor","Unit Name","Tally","82","018","Bronx","IN-PLAY","General Election 2020 - 11/03/2020",,"State Senator","34",1,"Alessandra Biaggi (Democratic)",240
"AD","ED","County","EDAD Status","Event","Party/Independent Body","Office/Position Title","District Key","VoteFor","Unit Name","Tally","82","018","Bronx","IN-PLAY","General Election 2020 - 11/03/2020",,"State Senator","34",1,"James B. Gisondi (Republican)",75
"AD","ED","County","EDAD Status","Event","Party/Independent Body","Office/Position Title","District Key","VoteFor","Unit Name","Tally","82","018","Bronx","IN-PLAY","General Election 2020 - 11/03/2020",,"State Senator","34",1,"Antonio Vitiello (Conservative)",12
"AD","ED","County","EDAD Status","Event","Party/Independent Body","Office/Position Title","District Key","VoteFor","Unit Name","Tally","82","018","Bronx","IN-PLAY","General Election 2020 - 11/03/2020",,"State Senator","34",1,"Alessandra Biaggi (Working Families)",34
"AD","ED","County","EDAD Status","Event","Party/Independent Body","Office/Position Title","District Key","VoteFor","Unit Name","Tally","82","018","Bronx","IN-PLAY","General Election 2020 - 11/03/2020",,"State Senator","34",1,"Scattered",1
"AD","ED","County","EDAD Status","Event","Party/Independent Body","Office/Position Title","District Key","VoteFor","Unit Name","Tally","82","019","Bronx","IN-PLAY","General Election 2020 - 11/03/2020",,"State Senator","34",1,"Public Counter",314
"AD","ED","County","EDAD Status","Event","Party/Independent Body","Office/Position Title","District Key","VoteFor","Unit Name","Tally","82","019","Bronx","IN-PLAY","General Election 2020 - 11/03/2020",,"State Senator","34",1,"Manually Counted Emergency",0
"AD","ED","County","EDAD Status","Event","Party/Independent Body","Office/Position Title","District Key","VoteFor","Unit Name","Tally","82","019","Bronx","IN-PLAY","General Election 2020 - 11/03/2020",,"State Senator","34",1,"Absentee / Military",48
"AD","ED","County","EDAD Status","Event","Party/Independent Body","Office/Position Title","District Key","VoteFor","Unit Name","Tally","82","019","Bronx","IN-PLAY","General Election 2020 - 11/03/2020",,"State Senator","34",1,"Federal",1
"AD","ED","County","EDAD Status","Event","Party/Independent Body","Office/Position Title","District Key","VoteFor","Unit Name","Tally","82","019","Bronx","IN-PLAY","General Election 2020 - 11/03/2020",,"State Senator","34",1,"Special Presidential",0
"AD","ED","County","EDAD Status","Event","Party/Independent Body","Office/Position Title","District Key","VoteFor","Unit Name","Tally","82","019","Bronx","IN-PLAY","General Election 2020 - 11/03/2020",,"State Senator","34",1,"Affidavit",6
"AD","ED","County","EDAD Status","Event","Party/Independent Body","Office/Position Title","District Key","VoteFor","Unit Name","Tally","82","019","Bronx","IN-PLAY","General Election 2020 - 11/03/2020",,"State Senator","34",1,"Alessandra Biaggi (Democratic)",184
"AD","ED","County","EDAD Status","Event","Party/Independent Body","Office/Position Title","District Key","VoteFor","Unit Name","Tally","82","019","Bronx","IN-PLAY","General Election 2020 - 11/03/2020",,"State Senator","34",1,"James B. Gisondi (Republican)",120
"AD","ED","County","EDAD Status","Event","Party/Independent Body","Office/Position Title","District Key","VoteFor","Unit Name","Tally","82","019","Bronx","IN-PLAY","General Election 2020 - 11/03/2020",,"State Senator","34",1,"Antonio Vitiello (Conservative)",26
"AD","ED","County","EDAD Status","Event","Party/Independent Body","Office/Position Title","District Key","VoteFor","Unit Name","Tally","82","019","Bronx","IN-PLAY","General Election 2020 - 11/03/2020",,"State Senator","34",1,"Alessandra Biaggi (Working Families)",27
"AD","ED","County","EDAD Status","Event","Party/Independent Body","Office/Position Title","District Key","VoteFor","Unit Name","Tally","82","020","Bronx","IN-PLAY","General Election 2020 - 11/03/2020",,"State Senator","34",1,"Public Counter",395
"AD","ED","County","EDAD Status","Event","Party/Independent Body","Office/Position Title","District Key","VoteFor","Unit Name","Tally","82","020","Bronx","IN-PLAY","General Election 2020 - 11/03/2020",,"State Senator","34",1,"Manually Counted Emergency",0
"AD","ED","County","EDAD Status","Event","Party/Independent Body","Office/Position Title","District Key","VoteFor","Unit Name","Tally","82","020","Bronx","IN-PLAY","General Election 2020 - 11/03/2020",,"State Senator","34",1,"Absentee / Military",70
"AD","ED","County","EDAD Status","Event","Party/Independent Body","Office/Position Title","District Key","VoteFor","Unit Name","Tally","82","020","Bronx","IN-PLAY","General Election 2020 - 11/03/2020",,"State Senator","34",1,"Federal",0
"AD","ED","County","EDAD Status","Event","Party/Independent Body","Office/Position Title","District Key","VoteFor","Unit Name","Tally","82","020","Bronx","IN-PLAY","General Election 2020 - 11/03/2020",,"State Senator","34",1,"Special Presidential",0
"AD","ED","County","EDAD Status","Event","Party/Independent Body","Office/Position Title","District Key","VoteFor","Unit Name","Tally","82","020","Bronx","IN-PLAY","General Election 2020 - 11/03/2020",,"State Senator","34",1,"Affidavit",3
"AD","ED","County","EDAD Status","Event","Party/Independent Body","Office/Position Title","District Key","VoteFor","Unit Name","Tally","82","020","Bronx","IN-PLAY","General Election 2020 - 11/03/2020",,"State Senator","34",1,"Alessandra Biaggi (Democratic)",211
"AD","ED","County","EDAD Status","Event","Party/Independent Body","Office/Position Title","District Key","VoteFor","Unit Name","Tally","82","020","Bronx","IN-PLAY","General Election 2020 - 11/03/2020",,"State Senator","34",1,"James B. Gisondi (Republican)",183
"AD","ED","County","EDAD Status","Event","Party/Independent Body","Office/Position Title","District Key","VoteFor","Unit Name","Tally","82","020","Bronx","IN-PLAY","General Election 2020 - 11/03/2020",,"State Senator","34",1,"Antonio Vitiello (Conservative)",26
"AD","ED","County","EDAD Status","Event","Party/Independent Body","Office/Position Title","District Key","VoteFor","Unit Name","Tally","82","020","Bronx","IN-PLAY","General Election 2020 - 11/03/2020",,"State Senator","34",1,"Alessandra Biaggi (Working Families)",31
"AD","ED","County","EDAD Status","Event","Party/Independent Body","Office/Position Title","District Key","VoteFor","Unit Name","Tally","82","021","Bronx","IN-PLAY","General Election 2020 - 11/03/2020",,"State Senator","34",1,"Public Counter",308
"AD","ED","County","EDAD Status","Event","Party/Independent Body","Office/Position Title","District Key","VoteFor","Unit Name","Tally","82","021","Bronx","IN-PLAY","General Election 2020 - 11/03/2020",,"State Senator","34",1,"Manually Counted Emergency",0
"AD","ED","County","EDAD Status","Event","Party/Independent Body","Office/Position Title","District Key","VoteFor","Unit Name","Tally","82","021","Bronx","IN-PLAY","General Election 2020 - 11/03/2020",,"State Senator","34",1,"Absentee / Military",53
"AD","ED","County","EDAD Status","Event","Party/Independent Body","Office/Position Title","District Key","VoteFor","Unit Name","Tally","82","021","Bronx","IN-PLAY","General Election 2020 - 11/03/2020",,"State Senator","34",1,"Federal",1
"AD","ED","County","EDAD Status","Event","Party/Independent Body","Office/Position Title","District Key","VoteFor","Unit Name","Tally","82","021","Bronx","IN-PLAY","General Election 2020 - 11/03/2020",,"State Senator","34",1,"Special Presidential",0
"AD","ED","County","EDAD Status","Event","Party/Independent Body","Office/Position Title","District Key","VoteFor","Unit Name","Tally","82","021","Bronx","IN-PLAY","General Election 2020 - 11/03/2020",,"State Senator","34",1,"Affidavit",2
"AD","ED","County","EDAD Status","Event","Party/Independent Body","Office/Position Title","District Key","VoteFor","Unit Name","Tally","82","021","Bronx","IN-PLAY","General Election 2020 - 11/03/2020",,"State Senator","34",1,"Alessandra Biaggi (Democratic)",236
"AD","ED","County","EDAD Status","Event","Party/Independent Body","Office/Position Title","District Key","VoteFor","Unit Name","Tally","82","021","Bronx","IN-PLAY","General Election 2020 - 11/03/2020",,"State Senator","34",1,"James B. Gisondi (Republican)",97
"AD","ED","County","EDAD Status","Event","Party/Independent Body","Office/Position Title","District Key","VoteFor","Unit Name","Tally","82","021","Bronx","IN-PLAY","General Election 2020 - 11/03/2020",,"State Senator","34",1,"Antonio Vitiello (Conservative)",8
"AD","ED","County","EDAD Status","Event","Party/Independent Body","Office/Position Title","District Key","VoteFor","Unit Name","Tally","82","021","Bronx","IN-PLAY","General Election 2020 - 11/03/2020",,"State Senator","34",1,"Alessandra Biaggi (Working Families)",13
"AD","ED","County","EDAD Status","Event","Party/Independent Body","Office/Position Title","District Key","VoteFor","Unit Name","Tally","82","022","Bronx","IN-PLAY","General Election 2020 - 11/03/2020",,"State Senator","34",1,"Public Counter",510
"AD","ED","County","EDAD Status","Event","Party/Independent Body","Office/Position Title","District Key","VoteFor","Unit Name","Tally","82","022","Bronx","IN-PLAY","General Election 2020 - 11/03/2020",,"State Senator","34",1,"Manually Counted Emergency",0
"AD","ED","County","EDAD Status","Event","Party/Independent Body","Office/Position Title","District Key","VoteFor","Unit Name","Tally","82","022","Bronx","IN-PLAY","General Election 2020 - 11/03/2020",,"State Senator","34",1,"Absentee / Military",86
"AD","ED","County","EDAD Status","Event","Party/Independent Body","Office/Position Title","District Key","VoteFor","Unit Name","Tally","82","022","Bronx","IN-PLAY","General Election 2020 - 11/03/2020",,"State Senator","34",1,"Federal",2
"AD","ED","County","EDAD Status","Event","Party/Independent Body","Office/Position Title","District Key","VoteFor","Unit Name","Tally","82","022","Bronx","IN-PLAY","General Election 2020 - 11/03/2020",,"State Senator","34",1,"Special Presidential",0
"AD","ED","County","EDAD Status","Event","Party/Independent Body","Office/Position Title","District Key","VoteFor","Unit Name","Tally","82","022","Bronx","IN-PLAY","General Election 2020 - 11/03/2020",,"State Senator","34",1,"Affidavit",12
"AD","ED","County","EDAD Status","Event","Party/Independent Body","Office/Position Title","District Key","VoteFor","Unit Name","Tally","82","022","Bronx","IN-PLAY","General Election 2020 - 11/03/2020",,"State Senator","34",1,"Alessandra Biaggi (Democratic)",383
"AD","ED","County","EDAD Status","Event","Party/Independent Body","Office/Position Title","District Key","VoteFor","Unit Name","Tally","82","022","Bronx","IN-PLAY","General Election 2020 - 11/03/2020",,"State Senator","34",1,"James B. Gisondi (Republican)",143
"AD","ED","County","EDAD Status","Event","Party/Independent Body","Office/Position Title","District Key","VoteFor","Unit Name","Tally","82","022","Bronx","IN-PLAY","General Election 2020 - 11/03/2020",,"State Senator","34",1,"Antonio Vitiello (Conservative)",24
"AD","ED","County","EDAD Status","Event","Party/Independent Body","Office/Position Title","District Key","VoteFor","Unit Name","Tally","82","022","Bronx","IN-PLAY","General Election 2020 - 11/03/2020",,"State Senator","34",1,"Alessandra Biaggi (Working Families)",34
"AD","ED","County","EDAD Status","Event","Party/Independent Body","Office/Position Title","District Key","VoteFor","Unit Name","Tally","82","023","Bronx","IN-PLAY","General Election 2020 - 11/03/2020",,"State Senator","34",1,"Public Counter",414
"AD","ED","County","EDAD Status","Event","Party/Independent Body","Office/Position Title","District Key","VoteFor","Unit Name","Tally","82","023","Bronx","IN-PLAY","General Election 2020 - 11/03/2020",,"State Senator","34",1,"Manually Counted Emergency",0
"AD","ED","County","EDAD Status","Event","Party/Independent Body","Office/Position Title","District Key","VoteFor","Unit Name","Tally","82","023","Bronx","IN-PLAY","General Election 2020 - 11/03/2020",,"State Senator","34",1,"Absentee / Military",93
"AD","ED","County","EDAD Status","Event","Party/Independent Body","Office/Position Title","District Key","VoteFor","Unit Name","Tally","82","023","Bronx","IN-PLAY","General Election 2020 - 11/03/2020",,"State Senator","34",1,"Federal",1
"AD","ED","County","EDAD Status","Event","Party/Independent Body","Office/Position Title","District Key","VoteFor","Unit Name","Tally","82","023","Bronx","IN-PLAY","General Election 2020 - 11/03/2020",,"State Senator","34",1,"Special Presidential",0
"AD","ED","County","EDAD Status","Event","Party/Independent Body","Office/Position Title","District Key","VoteFor","Unit Name","Tally","82","023","Bronx","IN-PLAY","General Election 2020 - 11/03/2020",,"State Senator","34",1,"Affidavit",4
"AD","ED","County","EDAD Status","Event","Party/Independent Body","Office/Position Title","District Key","VoteFor","Unit Name","Tally","82","023","Bronx","IN-PLAY","General Election 2020 - 11/03/2020",,"State Senator","34",1,"Alessandra Biaggi (Democratic)",391
"AD","ED","County","EDAD Status","Event","Party/Independent Body","Office/Position Title","District Key","VoteFor","Unit Name","Tally","82","023","Bronx","IN-PLAY","General Election 2020 - 11/03/2020",,"State Senator","34",1,"James B. Gisondi (Republican)",64
"AD","ED","County","EDAD Status","Event","Party/Independent Body","Office/Position Title","District Key","VoteFor","Unit Name","Tally","82","023","Bronx","IN-PLAY","General Election 2020 - 11/03/2020",,"State Senator","34",1,"Antonio Vitiello (Conservative)",8
"AD","ED","County","EDAD Status","Event","Party/Independent Body","Office/Position Title","District Key","VoteFor","Unit Name","Tally","82","023","Bronx","IN-PLAY","General Election 2020 - 11/03/2020",,"State Senator","34",1,"Alessandra Biaggi (Working Families)",35
"AD","ED","County","EDAD Status","Event","Party/Independent Body","Office/Position Title","District Key","VoteFor","Unit Name","Tally","82","024","Bronx","IN-PLAY","General Election 2020 - 11/03/2020",,"State Senator","34",1,"Public Counter",524
"AD","ED","County","EDAD Status","Event","Party/Independent Body","Office/Position Title","District Key","VoteFor","Unit Name","Tally","82","024","Bronx","IN-PLAY","General Election 2020 - 11/03/2020",,"State Senator","34",1,"Manually Counted Emergency",0
"AD","ED","County","EDAD Status","Event","Party/Independent Body","Office/Position Title","District Key","VoteFor","Unit Name","Tally","82","024","Bronx","IN-PLAY","General Election 2020 - 11/03/2020",,"State Senator","34",1,"Absentee / Military",119
"AD","ED","County","EDAD Status","Event","Party/Independent Body","Office/Position Title","District Key","VoteFor","Unit Name","Tally","82","024","Bronx","IN-PLAY","General Election 2020 - 11/03/2020",,"State Senator","34",1,"Federal",1
"AD","ED","County","EDAD Status","Event","Party/Independent Body","Office/Position Title","District Key","VoteFor","Unit Name","Tally","82","024","Bronx","IN-PLAY","General Election 2020 - 11/03/2020",,"State Senator","34",1,"Special Presidential",0
"AD","ED","County","EDAD Status","Event","Party/Independent Body","Office/Position Title","District Key","VoteFor","Unit Name","Tally","82","024","Bronx","IN-PLAY","General Election 2020 - 11/03/2020",,"State Senator","34",1,"Affidavit",6
"AD","ED","County","EDAD Status","Event","Party/Independent Body","Office/Position Title","District Key","VoteFor","Unit Name","Tally","82","024","Bronx","IN-PLAY","General Election 2020 - 11/03/2020",,"State Senator","34",1,"Alessandra Biaggi (Democratic)",416
"AD","ED","County","EDAD Status","Event","Party/Independent Body","Office/Position Title","District Key","VoteFor","Unit Name","Tally","82","024","Bronx","IN-PLAY","General Election 2020 - 11/03/2020",,"State Senator","34",1,"James B. Gisondi (Republican)",141
"AD","ED","County","EDAD Status","Event","Party/Independent Body","Office/Position Title","District Key","VoteFor","Unit Name","Tally","82","024","Bronx","IN-PLAY","General Election 2020 - 11/03/2020",,"State Senator","34",1,"Antonio Vitiello (Conservative)",26
"AD","ED","County","EDAD Status","Event","Party/Independent Body","Office/Position Title","District Key","VoteFor","Unit Name","Tally","82","024","Bronx","IN-PLAY","General Election 2020 - 11/03/2020",,"State Senator","34",1,"Alessandra Biaggi (Working Families)",50
"AD","ED","County","EDAD Status","Event","Party/Independent Body","Office/Position Title","District Key","VoteFor","Unit Name","Tally","82","025","Bronx","IN-PLAY","General Election 2020 - 11/03/2020",,"State Senator","34",1,"Public Counter",511
"AD","ED","County","EDAD Status","Event","Party/Independent Body","Office/Position Title","District Key","VoteFor","Unit Name","Tally","82","025","Bronx","IN-PLAY","General Election 2020 - 11/03/2020",,"State Senator","34",1,"Manually Counted Emergency",0
"AD","ED","County","EDAD Status","Event","Party/Independent Body","Office/Position Title","District Key","VoteFor","Unit Name","Tally","82","025","Bronx","IN-PLAY","General Election 2020 - 11/03/2020",,"State Senator","34",1,"Absentee / Military",99
"AD","ED","County","EDAD Status","Event","Party/Independent Body","Office/Position Title","District Key","VoteFor","Unit Name","Tally","82","025","Bronx","IN-PLAY","General Election 2020 - 11/03/2020",,"State Senator","34",1,"Federal",1
"AD","ED","County","EDAD Status","Event","Party/Independent Body","Office/Position Title","District Key","VoteFor","Unit Name","Tally","82","025","Bronx","IN-PLAY","General Election 2020 - 11/03/2020",,"State Senator","34",1,"Special Presidential",0
"AD","ED","County","EDAD Status","Event","Party/Independent Body","Office/Position Title","District Key","VoteFor","Unit Name","Tally","82","025","Bronx","IN-PLAY","General Election 2020 - 11/03/2020",,"State Senator","34",1,"Affidavit",4
"AD","ED","County","EDAD Status","Event","Party/Independent Body","Office/Position Title","District Key","VoteFor","Unit Name","Tally","82","025","Bronx","IN-PLAY","General Election 2020 - 11/03/2020",,"State Senator","34",1,"Alessandra Biaggi (Democratic)",372
"AD","ED","County","EDAD Status","Event","Party/Independent Body","Office/Position Title","District Key","VoteFor","Unit Name","Tally","82","025","Bronx","IN-PLAY","General Election 2020 - 11/03/2020",,"State Senator","34",1,"James B. Gisondi (Republican)",183
"AD","ED","County","EDAD Status","Event","Party/Independent Body","Office/Position Title","District Key","VoteFor","Unit Name","Tally","82","025","Bronx","IN-PLAY","General Election 2020 - 11/03/2020",,"State Senator","34",1,"Antonio Vitiello (Conservative)",11
"AD","ED","County","EDAD Status","Event","Party/Independent Body","Office/Position Title","District Key","VoteFor","Unit Name","Tally","82","025","Bronx","IN-PLAY","General Election 2020 - 11/03/2020",,"State Senator","34",1,"Alessandra Biaggi (Working Families)",33
"AD","ED","County","EDAD Status","Event","Party/Independent Body","Office/Position Title","District Key","VoteFor","Unit Name","Tally","82","025","Bronx","IN-PLAY","General Election 2020 - 11/03/2020",,"State Senator","34",1,"Scattered",2
"AD","ED","County","EDAD Status","Event","Party/Independent Body","Office/Position Title","District Key","VoteFor","Unit Name","Tally","82","026","Bronx","COMBINED INTO 107/82","General Election 2020 - 11/03/2020",,"State Senator","34",1,"Public Counter",0
"AD","ED","County","EDAD Status","Event","Party/Independent Body","Office/Position Title","District Key","VoteFor","Unit Name","Tally","82","026","Bronx","COMBINED INTO 107/82","General Election 2020 - 11/03/2020",,"State Senator","34",1,"Manually Counted Emergency",0
"AD","ED","County","EDAD Status","Event","Party/Independent Body","Office/Position Title","District Key","VoteFor","Unit Name","Tally","82","026","Bronx","COMBINED INTO 107/82","General Election 2020 - 11/03/2020",,"State Senator","34",1,"Absentee / Military",0
"AD","ED","County","EDAD Status","Event","Party/Independent Body","Office/Position Title","District Key","VoteFor","Unit Name","Tally","82","026","Bronx","COMBINED INTO 107/82","General Election 2020 - 11/03/2020",,"State Senator","34",1,"Federal",0
"AD","ED","County","EDAD Status","Event","Party/Independent Body","Office/Position Title","District Key","VoteFor","Unit Name","Tally","82","026","Bronx","COMBINED INTO 107/82","General Election 2020 - 11/03/2020",,"State Senator","34",1,"Special Presidential",0
"AD","ED","County","EDAD Status","Event","Party/Independent Body","Office/Position Title","District Key","VoteFor","Unit Name","Tally","82","026","Bronx","COMBINED INTO 107/82","General Election 2020 - 11/03/2020",,"State Senator","34",1,"Affidavit",0
"AD","ED","County","EDAD Status","Event","Party/Independent Body","Office/Position Title","District Key","VoteFor","Unit Name","Tally","82","027","Bronx","IN-PLAY","General Election 2020 - 11/03/2020",,"State Senator","34",1,"Public Counter",371
"AD","ED","County","EDAD Status","Event","Party/Independent Body","Office/Position Title","District Key","VoteFor","Unit Name","Tally","82","027","Bronx","IN-PLAY","General Election 2020 - 11/03/2020",,"State Senator","34",1,"Manually Counted Emergency",0
"AD","ED","County","EDAD Status","Event","Party/Independent Body","Office/Position Title","District Key","VoteFor","Unit Name","Tally","82","027","Bronx","IN-PLAY","General Election 2020 - 11/03/2020",,"State Senator","34",1,"Absentee / Military",99
"AD","ED","County","EDAD Status","Event","Party/Independent Body","Office/Position Title","District Key","VoteFor","Unit Name","Tally","82","027","Bronx","IN-PLAY","General Election 2020 - 11/03/2020",,"State Senator","34",1,"Federal",0
"AD","ED","County","EDAD Status","Event","Party/Independent Body","Office/Position Title","District Key","VoteFor","Unit Name","Tally","82","027","Bronx","IN-PLAY","General Election 2020 - 11/03/2020",,"State Senator","34",1,"Special Presidential",0
"AD","ED","County","EDAD Status","Event","Party/Independent Body","Office/Position Title","District Key","VoteFor","Unit Name","Tally","82","027","Bronx","IN-PLAY","General Election 2020 - 11/03/2020",,"State Senator","34",1,"Affidavit",7
"AD","ED","County","EDAD Status","Event","Party/Independent Body","Office/Position Title","District Key","VoteFor","Unit Name","Tally","82","027","Bronx","IN-PLAY","General Election 2020 - 11/03/2020",,"State Senator","34",1,"Alessandra Biaggi (Democratic)",367
"AD","ED","County","EDAD Status","Event","Party/Independent Body","Office/Position Title","District Key","VoteFor","Unit Name","Tally","82","027","Bronx","IN-PLAY","General Election 2020 - 11/03/2020",,"State Senator","34",1,"James B. Gisondi (Republican)",63
"AD","ED","County","EDAD Status","Event","Party/Independent Body","Office/Position Title","District Key","VoteFor","Unit Name","Tally","82","027","Bronx","IN-PLAY","General Election 2020 - 11/03/2020",,"State Senator","34",1,"Antonio Vitiello (Conservative)",9
"AD","ED","County","EDAD Status","Event","Party/Independent Body","Office/Position Title","District Key","VoteFor","Unit Name","Tally","82","027","Bronx","IN-PLAY","General Election 2020 - 11/03/2020",,"State Senator","34",1,"Alessandra Biaggi (Working Families)",22
"AD","ED","County","EDAD Status","Event","Party/Independent Body","Office/Position Title","District Key","VoteFor","Unit Name","Tally","82","028","Bronx","IN-PLAY","General Election 2020 - 11/03/2020",,"State Senator","34",1,"Public Counter",515
"AD","ED","County","EDAD Status","Event","Party/Independent Body","Office/Position Title","District Key","VoteFor","Unit Name","Tally","82","028","Bronx","IN-PLAY","General Election 2020 - 11/03/2020",,"State Senator","34",1,"Manually Counted Emergency",0
"AD","ED","County","EDAD Status","Event","Party/Independent Body","Office/Position Title","District Key","VoteFor","Unit Name","Tally","82","028","Bronx","IN-PLAY","General Election 2020 - 11/03/2020",,"State Senator","34",1,"Absentee / Military",111
"AD","ED","County","EDAD Status","Event","Party/Independent Body","Office/Position Title","District Key","VoteFor","Unit Name","Tally","82","028","Bronx","IN-PLAY","General Election 2020 - 11/03/2020",,"State Senator","34",1,"Federal",4
"AD","ED","County","EDAD Status","Event","Party/Independent Body","Office/Position Title","District Key","VoteFor","Unit Name","Tally","82","028","Bronx","IN-PLAY","General Election 2020 - 11/03/2020",,"State Senator","34",1,"Special Presidential",0
"AD","ED","County","EDAD Status","Event","Party/Independent Body","Office/Position Title","District Key","VoteFor","Unit Name","Tally","82","028","Bronx","IN-PLAY","General Election 2020 - 11/03/2020",,"State Senator","34",1,"Affidavit",6
"AD","ED","County","EDAD Status","Event","Party/Independent Body","Office/Position Title","District Key","VoteFor","Unit Name","Tally","82","028","Bronx","IN-PLAY","General Election 2020 - 11/03/2020",,"State Senator","34",1,"Alessandra Biaggi (Democratic)",482
"AD","ED","County","EDAD Status","Event","Party/Independent Body","Office/Position Title","District Key","VoteFor","Unit Name","Tally","82","028","Bronx","IN-PLAY","General Election 2020 - 11/03/2020",,"State Senator","34",1,"James B. Gisondi (Republican)",75
"AD","ED","County","EDAD Status","Event","Party/Independent Body","Office/Position Title","District Key","VoteFor","Unit Name","Tally","82","028","Bronx","IN-PLAY","General Election 2020 - 11/03/2020",,"State Senator","34",1,"Antonio Vitiello (Conservative)",17
"AD","ED","County","EDAD Status","Event","Party/Independent Body","Office/Position Title","District Key","VoteFor","Unit Name","Tally","82","028","Bronx","IN-PLAY","General Election 2020 - 11/03/2020",,"State Senator","34",1,"Alessandra Biaggi (Working Families)",27
"AD","ED","County","EDAD Status","Event","Party/Independent Body","Office/Position Title","District Key","VoteFor","Unit Name","Tally","82","028","Bronx","IN-PLAY","General Election 2020 - 11/03/2020",,"State Senator","34",1,"Scattered",1
"AD","ED","County","EDAD Status","Event","Party/Independent Body","Office/Position Title","District Key","VoteFor","Unit Name","Tally","82","031","Bronx","IN-PLAY","General Election 2020 - 11/03/2020",,"State Senator","34",1,"Public Counter",533
"AD","ED","County","EDAD Status","Event","Party/Independent Body","Office/Position Title","District Key","VoteFor","Unit Name","Tally","82","031","Bronx","IN-PLAY","General Election 2020 - 11/03/2020",,"State Senator","34",1,"Manually Counted Emergency",0
"AD","ED","County","EDAD Status","Event","Party/Independent Body","Office/Position Title","District Key","VoteFor","Unit Name","Tally","82","031","Bronx","IN-PLAY","General Election 2020 - 11/03/2020",,"State Senator","34",1,"Absentee / Military",87
"AD","ED","County","EDAD Status","Event","Party/Independent Body","Office/Position Title","District Key","VoteFor","Unit Name","Tally","82","031","Bronx","IN-PLAY","General Election 2020 - 11/03/2020",,"State Senator","34",1,"Federal",1
"AD","ED","County","EDAD Status","Event","Party/Independent Body","Office/Position Title","District Key","VoteFor","Unit Name","Tally","82","031","Bronx","IN-PLAY","General Election 2020 - 11/03/2020",,"State Senator","34",1,"Special Presidential",0
"AD","ED","County","EDAD Status","Event","Party/Independent Body","Office/Position Title","District Key","VoteFor","Unit Name","Tally","82","031","Bronx","IN-PLAY","General Election 2020 - 11/03/2020",,"State Senator","34",1,"Affidavit",7
"AD","ED","County","EDAD Status","Event","Party/Independent Body","Office/Position Title","District Key","VoteFor","Unit Name","Tally","82","031","Bronx","IN-PLAY","General Election 2020 - 11/03/2020",,"State Senator","34",1,"Alessandra Biaggi (Democratic)",502
"AD","ED","County","EDAD Status","Event","Party/Independent Body","Office/Position Title","District Key","VoteFor","Unit Name","Tally","82","031","Bronx","IN-PLAY","General Election 2020 - 11/03/2020",,"State Senator","34",1,"James B. Gisondi (Republican)",72
"AD","ED","County","EDAD Status","Event","Party/Independent Body","Office/Position Title","District Key","VoteFor","Unit Name","Tally","82","031","Bronx","IN-PLAY","General Election 2020 - 11/03/2020",,"State Senator","34",1,"Antonio Vitiello (Conservative)",6
"AD","ED","County","EDAD Status","Event","Party/Independent Body","Office/Position Title","District Key","VoteFor","Unit Name","Tally","82","031","Bronx","IN-PLAY","General Election 2020 - 11/03/2020",,"State Senator","34",1,"Alessandra Biaggi (Working Families)",23
"AD","ED","County","EDAD Status","Event","Party/Independent Body","Office/Position Title","District Key","VoteFor","Unit Name","Tally","82","031","Bronx","IN-PLAY","General Election 2020 - 11/03/2020",,"State Senator","34",1,"Scattered",2
"AD","ED","County","EDAD Status","Event","Party/Independent Body","Office/Position Title","District Key","VoteFor","Unit Name","Tally","82","032","Bronx","IN-PLAY","General Election 2020 - 11/03/2020",,"State Senator","34",1,"Public Counter",532
"AD","ED","County","EDAD Status","Event","Party/Independent Body","Office/Position Title","District Key","VoteFor","Unit Name","Tally","82","032","Bronx","IN-PLAY","General Election 2020 - 11/03/2020",,"State Senator","34",1,"Manually Counted Emergency",0
"AD","ED","County","EDAD Status","Event","Party/Independent Body","Office/Position Title","District Key","VoteFor","Unit Name","Tally","82","032","Bronx","IN-PLAY","General Election 2020 - 11/03/2020",,"State Senator","34",1,"Absentee / Military",128
"AD","ED","County","EDAD Status","Event","Party/Independent Body","Office/Position Title","District Key","VoteFor","Unit Name","Tally","82","032","Bronx","IN-PLAY","General Election 2020 - 11/03/2020",,"State Senator","34",1,"Federal",1
"AD","ED","County","EDAD Status","Event","Party/Independent Body","Office/Position Title","District Key","VoteFor","Unit Name","Tally","82","032","Bronx","IN-PLAY","General Election 2020 - 11/03/2020",,"State Senator","34",1,"Special Presidential",0
"AD","ED","County","EDAD Status","Event","Party/Independent Body","Office/Position Title","District Key","VoteFor","Unit Name","Tally","82","032","Bronx","IN-PLAY","General Election 2020 - 11/03/2020",,"State Senator","34",1,"Affidavit",10
"AD","ED","County","EDAD Status","Event","Party/Independent Body","Office/Position Title","District Key","VoteFor","Unit Name","Tally","82","032","Bronx","IN-PLAY","General Election 2020 - 11/03/2020",,"State Senator","34",1,"Alessandra Biaggi (Democratic)",393
"AD","ED","County","EDAD Status","Event","Party/Independent Body","Office/Position Title","District Key","VoteFor","Unit Name","Tally","82","032","Bronx","IN-PLAY","General Election 2020 - 11/03/2020",,"State Senator","34",1,"James B. Gisondi (Republican)",184
"AD","ED","County","EDAD Status","Event","Party/Independent Body","Office/Position Title","District Key","VoteFor","Unit Name","Tally","82","032","Bronx","IN-PLAY","General Election 2020 - 11/03/2020",,"State Senator","34",1,"Antonio Vitiello (Conservative)",16
"AD","ED","County","EDAD Status","Event","Party/Independent Body","Office/Position Title","District Key","VoteFor","Unit Name","Tally","82","032","Bronx","IN-PLAY","General Election 2020 - 11/03/2020",,"State Senator","34",1,"Alessandra Biaggi (Working Families)",48
"AD","ED","County","EDAD Status","Event","Party/Independent Body","Office/Position Title","District Key","VoteFor","Unit Name","Tally","82","032","Bronx","IN-PLAY","General Election 2020 - 11/03/2020",,"State Senator","34",1,"Scattered",2
"AD","ED","County","EDAD Status","Event","Party/Independent Body","Office/Position Title","District Key","VoteFor","Unit Name","Tally","82","033","Bronx","IN-PLAY","General Election 2020 - 11/03/2020",,"State Senator","34",1,"Public Counter",505
"AD","ED","County","EDAD Status","Event","Party/Independent Body","Office/Position Title","District Key","VoteFor","Unit Name","Tally","82","033","Bronx","IN-PLAY","General Election 2020 - 11/03/2020",,"State Senator","34",1,"Manually Counted Emergency",0
"AD","ED","County","EDAD Status","Event","Party/Independent Body","Office/Position Title","District Key","VoteFor","Unit Name","Tally","82","033","Bronx","IN-PLAY","General Election 2020 - 11/03/2020",,"State Senator","34",1,"Absentee / Military",118
"AD","ED","County","EDAD Status","Event","Party/Independent Body","Office/Position Title","District Key","VoteFor","Unit Name","Tally","82","033","Bronx","IN-PLAY","General Election 2020 - 11/03/2020",,"State Senator","34",1,"Federal",4
"AD","ED","County","EDAD Status","Event","Party/Independent Body","Office/Position Title","District Key","VoteFor","Unit Name","Tally","82","033","Bronx","IN-PLAY","General Election 2020 - 11/03/2020",,"State Senator","34",1,"Special Presidential",0
"AD","ED","County","EDAD Status","Event","Party/Independent Body","Office/Position Title","District Key","VoteFor","Unit Name","Tally","82","033","Bronx","IN-PLAY","General Election 2020 - 11/03/2020",,"State Senator","34",1,"Affidavit",6
"AD","ED","County","EDAD Status","Event","Party/Independent Body","Office/Position Title","District Key","VoteFor","Unit Name","Tally","82","033","Bronx","IN-PLAY","General Election 2020 - 11/03/2020",,"State Senator","34",1,"Alessandra Biaggi (Democratic)",335
"AD","ED","County","EDAD Status","Event","Party/Independent Body","Office/Position Title","District Key","VoteFor","Unit Name","Tally","82","033","Bronx","IN-PLAY","General Election 2020 - 11/03/2020",,"State Senator","34",1,"James B. Gisondi (Republican)",207
"AD","ED","County","EDAD Status","Event","Party/Independent Body","Office/Position Title","District Key","VoteFor","Unit Name","Tally","82","033","Bronx","IN-PLAY","General Election 2020 - 11/03/2020",,"State Senator","34",1,"Antonio Vitiello (Conservative)",19
"AD","ED","County","EDAD Status","Event","Party/Independent Body","Office/Position Title","District Key","VoteFor","Unit Name","Tally","82","033","Bronx","IN-PLAY","General Election 2020 - 11/03/2020",,"State Senator","34",1,"Alessandra Biaggi (Working Families)",37
"AD","ED","County","EDAD Status","Event","Party/Independent Body","Office/Position Title","District Key","VoteFor","Unit Name","Tally","82","033","Bronx","IN-PLAY","General Election 2020 - 11/03/2020",,"State Senator","34",1,"Scattered",2
"AD","ED","County","EDAD Status","Event","Party/Independent Body","Office/Position Title","District Key","VoteFor","Unit Name","Tally","82","034","Bronx","IN-PLAY","General Election 2020 - 11/03/2020",,"State Senator","34",1,"Public Counter",376
"AD","ED","County","EDAD Status","Event","Party/Independent Body","Office/Position Title","District Key","VoteFor","Unit Name","Tally","82","034","Bronx","IN-PLAY","General Election 2020 - 11/03/2020",,"State Senator","34",1,"Manually Counted Emergency",0
"AD","ED","County","EDAD Status","Event","Party/Independent Body","Office/Position Title","District Key","VoteFor","Unit Name","Tally","82","034","Bronx","IN-PLAY","General Election 2020 - 11/03/2020",,"State Senator","34",1,"Absentee / Military",71
"AD","ED","County","EDAD Status","Event","Party/Independent Body","Office/Position Title","District Key","VoteFor","Unit Name","Tally","82","034","Bronx","IN-PLAY","General Election 2020 - 11/03/2020",,"State Senator","34",1,"Federal",1
"AD","ED","County","EDAD Status","Event","Party/Independent Body","Office/Position Title","District Key","VoteFor","Unit Name","Tally","82","034","Bronx","IN-PLAY","General Election 2020 - 11/03/2020",,"State Senator","34",1,"Special Presidential",0
"AD","ED","County","EDAD Status","Event","Party/Independent Body","Office/Position Title","District Key","VoteFor","Unit Name","Tally","82","034","Bronx","IN-PLAY","General Election 2020 - 11/03/2020",,"State Senator","34",1,"Affidavit",4
"AD","ED","County","EDAD Status","Event","Party/Independent Body","Office/Position Title","District Key","VoteFor","Unit Name","Tally","82","034","Bronx","IN-PLAY","General Election 2020 - 11/03/2020",,"State Senator","34",1,"Alessandra Biaggi (Democratic)",264
"AD","ED","County","EDAD Status","Event","Party/Independent Body","Office/Position Title","District Key","VoteFor","Unit Name","Tally","82","034","Bronx","IN-PLAY","General Election 2020 - 11/03/2020",,"State Senator","34",1,"James B. Gisondi (Republican)",134
"AD","ED","County","EDAD Status","Event","Party/Independent Body","Office/Position Title","District Key","VoteFor","Unit Name","Tally","82","034","Bronx","IN-PLAY","General Election 2020 - 11/03/2020",,"State Senator","34",1,"Antonio Vitiello (Conservative)",15
"AD","ED","County","EDAD Status","Event","Party/Independent Body","Office/Position Title","District Key","VoteFor","Unit Name","Tally","82","034","Bronx","IN-PLAY","General Election 2020 - 11/03/2020",,"State Senator","34",1,"Alessandra Biaggi (Working Families)",24
"AD","ED","County","EDAD Status","Event","Party/Independent Body","Office/Position Title","District Key","VoteFor","Unit Name","Tally","82","035","Bronx","IN-PLAY","General Election 2020 - 11/03/2020",,"State Senator","34",1,"Public Counter",636
"AD","ED","County","EDAD Status","Event","Party/Independent Body","Office/Position Title","District Key","VoteFor","Unit Name","Tally","82","035","Bronx","IN-PLAY","General Election 2020 - 11/03/2020",,"State Senator","34",1,"Manually Counted Emergency",0
"AD","ED","County","EDAD Status","Event","Party/Independent Body","Office/Position Title","District Key","VoteFor","Unit Name","Tally","82","035","Bronx","IN-PLAY","General Election 2020 - 11/03/2020",,"State Senator","34",1,"Absentee / Military",140
"AD","ED","County","EDAD Status","Event","Party/Independent Body","Office/Position Title","District Key","VoteFor","Unit Name","Tally","82","035","Bronx","IN-PLAY","General Election 2020 - 11/03/2020",,"State Senator","34",1,"Federal",2
"AD","ED","County","EDAD Status","Event","Party/Independent Body","Office/Position Title","District Key","VoteFor","Unit Name","Tally","82","035","Bronx","IN-PLAY","General Election 2020 - 11/03/2020",,"State Senator","34",1,"Special Presidential",0
"AD","ED","County","EDAD Status","Event","Party/Independent Body","Office/Position Title","District Key","VoteFor","Unit Name","Tally","82","035","Bronx","IN-PLAY","General Election 2020 - 11/03/2020",,"State Senator","34",1,"Affidavit",7
"AD","ED","County","EDAD Status","Event","Party/Independent Body","Office/Position Title","District Key","VoteFor","Unit Name","Tally","82","035","Bronx","IN-PLAY","General Election 2020 - 11/03/2020",,"State Senator","34",1,"Alessandra Biaggi (Democratic)",447
"AD","ED","County","EDAD Status","Event","Party/Independent Body","Office/Position Title","District Key","VoteFor","Unit Name","Tally","82","035","Bronx","IN-PLAY","General Election 2020 - 11/03/2020",,"State Senator","34",1,"James B. Gisondi (Republican)",233
"AD","ED","County","EDAD Status","Event","Party/Independent Body","Office/Position Title","District Key","VoteFor","Unit Name","Tally","82","035","Bronx","IN-PLAY","General Election 2020 - 11/03/2020",,"State Senator","34",1,"Antonio Vitiello (Conservative)",28
"AD","ED","County","EDAD Status","Event","Party/Independent Body","Office/Position Title","District Key","VoteFor","Unit Name","Tally","82","035","Bronx","IN-PLAY","General Election 2020 - 11/03/2020",,"State Senator","34",1,"Alessandra Biaggi (Working Families)",44
"AD","ED","County","EDAD Status","Event","Party/Independent Body","Office/Position Title","District Key","VoteFor","Unit Name","Tally","82","035","Bronx","IN-PLAY","General Election 2020 - 11/03/2020",,"State Senator","34",1,"Scattered",2
"AD","ED","County","EDAD Status","Event","Party/Independent Body","Office/Position Title","District Key","VoteFor","Unit Name","Tally","82","036","Bronx","IN-PLAY","General Election 2020 - 11/03/2020",,"State Senator","34",1,"Public Counter",537
"AD","ED","County","EDAD Status","Event","Party/Independent Body","Office/Position Title","District Key","VoteFor","Unit Name","Tally","82","036","Bronx","IN-PLAY","General Election 2020 - 11/03/2020",,"State Senator","34",1,"Manually Counted Emergency",0
"AD","ED","County","EDAD Status","Event","Party/Independent Body","Office/Position Title","District Key","VoteFor","Unit Name","Tally","82","036","Bronx","IN-PLAY","General Election 2020 - 11/03/2020",,"State Senator","34",1,"Absentee / Military",128
"AD","ED","County","EDAD Status","Event","Party/Independent Body","Office/Position Title","District Key","VoteFor","Unit Name","Tally","82","036","Bronx","IN-PLAY","General Election 2020 - 11/03/2020",,"State Senator","34",1,"Federal",1
"AD","ED","County","EDAD Status","Event","Party/Independent Body","Office/Position Title","District Key","VoteFor","Unit Name","Tally","82","036","Bronx","IN-PLAY","General Election 2020 - 11/03/2020",,"State Senator","34",1,"Special Presidential",0
"AD","ED","County","EDAD Status","Event","Party/Independent Body","Office/Position Title","District Key","VoteFor","Unit Name","Tally","82","036","Bronx","IN-PLAY","General Election 2020 - 11/03/2020",,"State Senator","34",1,"Affidavit",9
"AD","ED","County","EDAD Status","Event","Party/Independent Body","Office/Position Title","District Key","VoteFor","Unit Name","Tally","82","036","Bronx","IN-PLAY","General Election 2020 - 11/03/2020",,"State Senator","34",1,"Alessandra Biaggi (Democratic)",417
"AD","ED","County","EDAD Status","Event","Party/Independent Body","Office/Position Title","District Key","VoteFor","Unit Name","Tally","82","036","Bronx","IN-PLAY","General Election 2020 - 11/03/2020",,"State Senator","34",1,"James B. Gisondi (Republican)",170
"AD","ED","County","EDAD Status","Event","Party/Independent Body","Office/Position Title","District Key","VoteFor","Unit Name","Tally","82","036","Bronx","IN-PLAY","General Election 2020 - 11/03/2020",,"State Senator","34",1,"Antonio Vitiello (Conservative)",20
"AD","ED","County","EDAD Status","Event","Party/Independent Body","Office/Position Title","District Key","VoteFor","Unit Name","Tally","82","036","Bronx","IN-PLAY","General Election 2020 - 11/03/2020",,"State Senator","34",1,"Alessandra Biaggi (Working Families)",50
"AD","ED","County","EDAD Status","Event","Party/Independent Body","Office/Position Title","District Key","VoteFor","Unit Name","Tally","82","036","Bronx","IN-PLAY","General Election 2020 - 11/03/2020",,"State Senator","34",1,"Scattered",1
"AD","ED","County","EDAD Status","Event","Party/Independent Body","Office/Position Title","District Key","VoteFor","Unit Name","Tally","82","037","Bronx","IN-PLAY","General Election 2020 - 11/03/2020",,"State Senator","34",1,"Public Counter",488
"AD","ED","County","EDAD Status","Event","Party/Independent Body","Office/Position Title","District Key","VoteFor","Unit Name","Tally","82","037","Bronx","IN-PLAY","General Election 2020 - 11/03/2020",,"State Senator","34",1,"Manually Counted Emergency",0
"AD","ED","County","EDAD Status","Event","Party/Independent Body","Office/Position Title","District Key","VoteFor","Unit Name","Tally","82","037","Bronx","IN-PLAY","General Election 2020 - 11/03/2020",,"State Senator","34",1,"Absentee / Military",72
"AD","ED","County","EDAD Status","Event","Party/Independent Body","Office/Position Title","District Key","VoteFor","Unit Name","Tally","82","037","Bronx","IN-PLAY","General Election 2020 - 11/03/2020",,"State Senator","34",1,"Federal",1
"AD","ED","County","EDAD Status","Event","Party/Independent Body","Office/Position Title","District Key","VoteFor","Unit Name","Tally","82","037","Bronx","IN-PLAY","General Election 2020 - 11/03/2020",,"State Senator","34",1,"Special Presidential",0
"AD","ED","County","EDAD Status","Event","Party/Independent Body","Office/Position Title","District Key","VoteFor","Unit Name","Tally","82","037","Bronx","IN-PLAY","General Election 2020 - 11/03/2020",,"State Senator","34",1,"Affidavit",6
"AD","ED","County","EDAD Status","Event","Party/Independent Body","Office/Position Title","District Key","VoteFor","Unit Name","Tally","82","037","Bronx","IN-PLAY","General Election 2020 - 11/03/2020",,"State Senator","34",1,"Alessandra Biaggi (Democratic)",390
"AD","ED","County","EDAD Status","Event","Party/Independent Body","Office/Position Title","District Key","VoteFor","Unit Name","Tally","82","037","Bronx","IN-PLAY","General Election 2020 - 11/03/2020",,"State Senator","34",1,"James B. Gisondi (Republican)",112
"AD","ED","County","EDAD Status","Event","Party/Independent Body","Office/Position Title","District Key","VoteFor","Unit Name","Tally","82","037","Bronx","IN-PLAY","General Election 2020 - 11/03/2020",,"State Senator","34",1,"Antonio Vitiello (Conservative)",10
"AD","ED","County","EDAD Status","Event","Party/Independent Body","Office/Position Title","District Key","VoteFor","Unit Name","Tally","82","037","Bronx","IN-PLAY","General Election 2020 - 11/03/2020",,"State Senator","34",1,"Alessandra Biaggi (Working Families)",27
"AD","ED","County","EDAD Status","Event","Party/Independent Body","Office/Position Title","District Key","VoteFor","Unit Name","Tally","82","038","Bronx","IN-PLAY","General Election 2020 - 11/03/2020",,"State Senator","34",1,"Public Counter",616
"AD","ED","County","EDAD Status","Event","Party/Independent Body","Office/Position Title","District Key","VoteFor","Unit Name","Tally","82","038","Bronx","IN-PLAY","General Election 2020 - 11/03/2020",,"State Senator","34",1,"Manually Counted Emergency",0
"AD","ED","County","EDAD Status","Event","Party/Independent Body","Office/Position Title","District Key","VoteFor","Unit Name","Tally","82","038","Bronx","IN-PLAY","General Election 2020 - 11/03/2020",,"State Senator","34",1,"Absentee / Military",107
"AD","ED","County","EDAD Status","Event","Party/Independent Body","Office/Position Title","District Key","VoteFor","Unit Name","Tally","82","038","Bronx","IN-PLAY","General Election 2020 - 11/03/2020",,"State Senator","34",1,"Federal",1
"AD","ED","County","EDAD Status","Event","Party/Independent Body","Office/Position Title","District Key","VoteFor","Unit Name","Tally","82","038","Bronx","IN-PLAY","General Election 2020 - 11/03/2020",,"State Senator","34",1,"Special Presidential",0
"AD","ED","County","EDAD Status","Event","Party/Independent Body","Office/Position Title","District Key","VoteFor","Unit Name","Tally","82","038","Bronx","IN-PLAY","General Election 2020 - 11/03/2020",,"State Senator","34",1,"Affidavit",9
"AD","ED","County","EDAD Status","Event","Party/Independent Body","Office/Position Title","District Key","VoteFor","Unit Name","Tally","82","038","Bronx","IN-PLAY","General Election 2020 - 11/03/2020",,"State Senator","34",1,"Alessandra Biaggi (Democratic)",495
"AD","ED","County","EDAD Status","Event","Party/Independent Body","Office/Position Title","District Key","VoteFor","Unit Name","Tally","82","038","Bronx","IN-PLAY","General Election 2020 - 11/03/2020",,"State Senator","34",1,"James B. Gisondi (Republican)",137
"AD","ED","County","EDAD Status","Event","Party/Independent Body","Office/Position Title","District Key","VoteFor","Unit Name","Tally","82","038","Bronx","IN-PLAY","General Election 2020 - 11/03/2020",,"State Senator","34",1,"Antonio Vitiello (Conservative)",22
"AD","ED","County","EDAD Status","Event","Party/Independent Body","Office/Position Title","District Key","VoteFor","Unit Name","Tally","82","038","Bronx","IN-PLAY","General Election 2020 - 11/03/2020",,"State Senator","34",1,"Alessandra Biaggi (Working Families)",44
"AD","ED","County","EDAD Status","Event","Party/Independent Body","Office/Position Title","District Key","VoteFor","Unit Name","Tally","82","039","Bronx","IN-PLAY","General Election 2020 - 11/03/2020",,"State Senator","34",1,"Public Counter",492
"AD","ED","County","EDAD Status","Event","Party/Independent Body","Office/Position Title","District Key","VoteFor","Unit Name","Tally","82","039","Bronx","IN-PLAY","General Election 2020 - 11/03/2020",,"State Senator","34",1,"Manually Counted Emergency",0
"AD","ED","County","EDAD Status","Event","Party/Independent Body","Office/Position Title","District Key","VoteFor","Unit Name","Tally","82","039","Bronx","IN-PLAY","General Election 2020 - 11/03/2020",,"State Senator","34",1,"Absentee / Military",77
"AD","ED","County","EDAD Status","Event","Party/Independent Body","Office/Position Title","District Key","VoteFor","Unit Name","Tally","82","039","Bronx","IN-PLAY","General Election 2020 - 11/03/2020",,"State Senator","34",1,"Federal",0
"AD","ED","County","EDAD Status","Event","Party/Independent Body","Office/Position Title","District Key","VoteFor","Unit Name","Tally","82","039","Bronx","IN-PLAY","General Election 2020 - 11/03/2020",,"State Senator","34",1,"Special Presidential",0
"AD","ED","County","EDAD Status","Event","Party/Independent Body","Office/Position Title","District Key","VoteFor","Unit Name","Tally","82","039","Bronx","IN-PLAY","General Election 2020 - 11/03/2020",,"State Senator","34",1,"Affidavit",14
"AD","ED","County","EDAD Status","Event","Party/Independent Body","Office/Position Title","District Key","VoteFor","Unit Name","Tally","82","039","Bronx","IN-PLAY","General Election 2020 - 11/03/2020",,"State Senator","34",1,"Alessandra Biaggi (Democratic)",339
"AD","ED","County","EDAD Status","Event","Party/Independent Body","Office/Position Title","District Key","VoteFor","Unit Name","Tally","82","039","Bronx","IN-PLAY","General Election 2020 - 11/03/2020",,"State Senator","34",1,"James B. Gisondi (Republican)",162
"AD","ED","County","EDAD Status","Event","Party/Independent Body","Office/Position Title","District Key","VoteFor","Unit Name","Tally","82","039","Bronx","IN-PLAY","General Election 2020 - 11/03/2020",,"State Senator","34",1,"Antonio Vitiello (Conservative)",13
"AD","ED","County","EDAD Status","Event","Party/Independent Body","Office/Position Title","District Key","VoteFor","Unit Name","Tally","82","039","Bronx","IN-PLAY","General Election 2020 - 11/03/2020",,"State Senator","34",1,"Alessandra Biaggi (Working Families)",44
"AD","ED","County","EDAD Status","Event","Party/Independent Body","Office/Position Title","District Key","VoteFor","Unit Name","Tally","82","039","Bronx","IN-PLAY","General Election 2020 - 11/03/2020",,"State Senator","34",1,"Scattered",1
"AD","ED","County","EDAD Status","Event","Party/Independent Body","Office/Position Title","District Key","VoteFor","Unit Name","Tally","82","040","Bronx","IN-PLAY","General Election 2020 - 11/03/2020",,"State Senator","34",1,"Public Counter",436
"AD","ED","County","EDAD Status","Event","Party/Independent Body","Office/Position Title","District Key","VoteFor","Unit Name","Tally","82","040","Bronx","IN-PLAY","General Election 2020 - 11/03/2020",,"State Senator","34",1,"Manually Counted Emergency",0
"AD","ED","County","EDAD Status","Event","Party/Independent Body","Office/Position Title","District Key","VoteFor","Unit Name","Tally","82","040","Bronx","IN-PLAY","General Election 2020 - 11/03/2020",,"State Senator","34",1,"Absentee / Military",73
"AD","ED","County","EDAD Status","Event","Party/Independent Body","Office/Position Title","District Key","VoteFor","Unit Name","Tally","82","040","Bronx","IN-PLAY","General Election 2020 - 11/03/2020",,"State Senator","34",1,"Federal",0
"AD","ED","County","EDAD Status","Event","Party/Independent Body","Office/Position Title","District Key","VoteFor","Unit Name","Tally","82","040","Bronx","IN-PLAY","General Election 2020 - 11/03/2020",,"State Senator","34",1,"Special Presidential",0
"AD","ED","County","EDAD Status","Event","Party/Independent Body","Office/Position Title","District Key","VoteFor","Unit Name","Tally","82","040","Bronx","IN-PLAY","General Election 2020 - 11/03/2020",,"State Senator","34",1,"Affidavit",4
"AD","ED","County","EDAD Status","Event","Party/Independent Body","Office/Position Title","District Key","VoteFor","Unit Name","Tally","82","040","Bronx","IN-PLAY","General Election 2020 - 11/03/2020",,"State Senator","34",1,"Alessandra Biaggi (Democratic)",253
"AD","ED","County","EDAD Status","Event","Party/Independent Body","Office/Position Title","District Key","VoteFor","Unit Name","Tally","82","040","Bronx","IN-PLAY","General Election 2020 - 11/03/2020",,"State Senator","34",1,"James B. Gisondi (Republican)",208
"AD","ED","County","EDAD Status","Event","Party/Independent Body","Office/Position Title","District Key","VoteFor","Unit Name","Tally","82","040","Bronx","IN-PLAY","General Election 2020 - 11/03/2020",,"State Senator","34",1,"Antonio Vitiello (Conservative)",17
"AD","ED","County","EDAD Status","Event","Party/Independent Body","Office/Position Title","District Key","VoteFor","Unit Name","Tally","82","040","Bronx","IN-PLAY","General Election 2020 - 11/03/2020",,"State Senator","34",1,"Alessandra Biaggi (Working Families)",15
"AD","ED","County","EDAD Status","Event","Party/Independent Body","Office/Position Title","District Key","VoteFor","Unit Name","Tally","82","040","Bronx","IN-PLAY","General Election 2020 - 11/03/2020",,"State Senator","34",1,"Scattered",1
"AD","ED","County","EDAD Status","Event","Party/Independent Body","Office/Position Title","District Key","VoteFor","Unit Name","Tally","82","041","Bronx","IN-PLAY","General Election 2020 - 11/03/2020",,"State Senator","34",1,"Public Counter",535
"AD","ED","County","EDAD Status","Event","Party/Independent Body","Office/Position Title","District Key","VoteFor","Unit Name","Tally","82","041","Bronx","IN-PLAY","General Election 2020 - 11/03/2020",,"State Senator","34",1,"Manually Counted Emergency",0
"AD","ED","County","EDAD Status","Event","Party/Independent Body","Office/Position Title","District Key","VoteFor","Unit Name","Tally","82","041","Bronx","IN-PLAY","General Election 2020 - 11/03/2020",,"State Senator","34",1,"Absentee / Military",82
"AD","ED","County","EDAD Status","Event","Party/Independent Body","Office/Position Title","District Key","VoteFor","Unit Name","Tally","82","041","Bronx","IN-PLAY","General Election 2020 - 11/03/2020",,"State Senator","34",1,"Federal",2
"AD","ED","County","EDAD Status","Event","Party/Independent Body","Office/Position Title","District Key","VoteFor","Unit Name","Tally","82","041","Bronx","IN-PLAY","General Election 2020 - 11/03/2020",,"State Senator","34",1,"Special Presidential",0
"AD","ED","County","EDAD Status","Event","Party/Independent Body","Office/Position Title","District Key","VoteFor","Unit Name","Tally","82","041","Bronx","IN-PLAY","General Election 2020 - 11/03/2020",,"State Senator","34",1,"Affidavit",8
"AD","ED","County","EDAD Status","Event","Party/Independent Body","Office/Position Title","District Key","VoteFor","Unit Name","Tally","82","041","Bronx","IN-PLAY","General Election 2020 - 11/03/2020",,"State Senator","34",1,"Alessandra Biaggi (Democratic)",270
"AD","ED","County","EDAD Status","Event","Party/Independent Body","Office/Position Title","District Key","VoteFor","Unit Name","Tally","82","041","Bronx","IN-PLAY","General Election 2020 - 11/03/2020",,"State Senator","34",1,"James B. Gisondi (Republican)",279
"AD","ED","County","EDAD Status","Event","Party/Independent Body","Office/Position Title","District Key","VoteFor","Unit Name","Tally","82","041","Bronx","IN-PLAY","General Election 2020 - 11/03/2020",,"State Senator","34",1,"Antonio Vitiello (Conservative)",36
"AD","ED","County","EDAD Status","Event","Party/Independent Body","Office/Position Title","District Key","VoteFor","Unit Name","Tally","82","041","Bronx","IN-PLAY","General Election 2020 - 11/03/2020",,"State Senator","34",1,"Alessandra Biaggi (Working Families)",23
"AD","ED","County","EDAD Status","Event","Party/Independent Body","Office/Position Title","District Key","VoteFor","Unit Name","Tally","82","041","Bronx","IN-PLAY","General Election 2020 - 11/03/2020",,"State Senator","34",1,"Scattered",1
"AD","ED","County","EDAD Status","Event","Party/Independent Body","Office/Position Title","District Key","VoteFor","Unit Name","Tally","82","042","Bronx","IN-PLAY","General Election 2020 - 11/03/2020",,"State Senator","34",1,"Public Counter",300
"AD","ED","County","EDAD Status","Event","Party/Independent Body","Office/Position Title","District Key","VoteFor","Unit Name","Tally","82","042","Bronx","IN-PLAY","General Election 2020 - 11/03/2020",,"State Senator","34",1,"Manually Counted Emergency",0
"AD","ED","County","EDAD Status","Event","Party/Independent Body","Office/Position Title","District Key","VoteFor","Unit Name","Tally","82","042","Bronx","IN-PLAY","General Election 2020 - 11/03/2020",,"State Senator","34",1,"Absentee / Military",67
"AD","ED","County","EDAD Status","Event","Party/Independent Body","Office/Position Title","District Key","VoteFor","Unit Name","Tally","82","042","Bronx","IN-PLAY","General Election 2020 - 11/03/2020",,"State Senator","34",1,"Federal",0
"AD","ED","County","EDAD Status","Event","Party/Independent Body","Office/Position Title","District Key","VoteFor","Unit Name","Tally","82","042","Bronx","IN-PLAY","General Election 2020 - 11/03/2020",,"State Senator","34",1,"Special Presidential",0
"AD","ED","County","EDAD Status","Event","Party/Independent Body","Office/Position Title","District Key","VoteFor","Unit Name","Tally","82","042","Bronx","IN-PLAY","General Election 2020 - 11/03/2020",,"State Senator","34",1,"Affidavit",2
"AD","ED","County","EDAD Status","Event","Party/Independent Body","Office/Position Title","District Key","VoteFor","Unit Name","Tally","82","042","Bronx","IN-PLAY","General Election 2020 - 11/03/2020",,"State Senator","34",1,"Alessandra Biaggi (Democratic)",171
"AD","ED","County","EDAD Status","Event","Party/Independent Body","Office/Position Title","District Key","VoteFor","Unit Name","Tally","82","042","Bronx","IN-PLAY","General Election 2020 - 11/03/2020",,"State Senator","34",1,"James B. Gisondi (Republican)",142
"AD","ED","County","EDAD Status","Event","Party/Independent Body","Office/Position Title","District Key","VoteFor","Unit Name","Tally","82","042","Bronx","IN-PLAY","General Election 2020 - 11/03/2020",,"State Senator","34",1,"Antonio Vitiello (Conservative)",20
"AD","ED","County","EDAD Status","Event","Party/Independent Body","Office/Position Title","District Key","VoteFor","Unit Name","Tally","82","042","Bronx","IN-PLAY","General Election 2020 - 11/03/2020",,"State Senator","34",1,"Alessandra Biaggi (Working Families)",21
"AD","ED","County","EDAD Status","Event","Party/Independent Body","Office/Position Title","District Key","VoteFor","Unit Name","Tally","82","043","Bronx","IN-PLAY","General Election 2020 - 11/03/2020",,"State Senator","34",1,"Public Counter",436
"AD","ED","County","EDAD Status","Event","Party/Independent Body","Office/Position Title","District Key","VoteFor","Unit Name","Tally","82","043","Bronx","IN-PLAY","General Election 2020 - 11/03/2020",,"State Senator","34",1,"Manually Counted Emergency",0
"AD","ED","County","EDAD Status","Event","Party/Independent Body","Office/Position Title","District Key","VoteFor","Unit Name","Tally","82","043","Bronx","IN-PLAY","General Election 2020 - 11/03/2020",,"State Senator","34",1,"Absentee / Military",79
"AD","ED","County","EDAD Status","Event","Party/Independent Body","Office/Position Title","District Key","VoteFor","Unit Name","Tally","82","043","Bronx","IN-PLAY","General Election 2020 - 11/03/2020",,"State Senator","34",1,"Federal",3
"AD","ED","County","EDAD Status","Event","Party/Independent Body","Office/Position Title","District Key","VoteFor","Unit Name","Tally","82","043","Bronx","IN-PLAY","General Election 2020 - 11/03/2020",,"State Senator","34",1,"Special Presidential",0
"AD","ED","County","EDAD Status","Event","Party/Independent Body","Office/Position Title","District Key","VoteFor","Unit Name","Tally","82","043","Bronx","IN-PLAY","General Election 2020 - 11/03/2020",,"State Senator","34",1,"Affidavit",2
"AD","ED","County","EDAD Status","Event","Party/Independent Body","Office/Position Title","District Key","VoteFor","Unit Name","Tally","82","043","Bronx","IN-PLAY","General Election 2020 - 11/03/2020",,"State Senator","34",1,"Alessandra Biaggi (Democratic)",204
"AD","ED","County","EDAD Status","Event","Party/Independent Body","Office/Position Title","District Key","VoteFor","Unit Name","Tally","82","043","Bronx","IN-PLAY","General Election 2020 - 11/03/2020",,"State Senator","34",1,"James B. Gisondi (Republican)",234
"AD","ED","County","EDAD Status","Event","Party/Independent Body","Office/Position Title","District Key","VoteFor","Unit Name","Tally","82","043","Bronx","IN-PLAY","General Election 2020 - 11/03/2020",,"State Senator","34",1,"Antonio Vitiello (Conservative)",39
"AD","ED","County","EDAD Status","Event","Party/Independent Body","Office/Position Title","District Key","VoteFor","Unit Name","Tally","82","043","Bronx","IN-PLAY","General Election 2020 - 11/03/2020",,"State Senator","34",1,"Alessandra Biaggi (Working Families)",18
"AD","ED","County","EDAD Status","Event","Party/Independent Body","Office/Position Title","District Key","VoteFor","Unit Name","Tally","82","043","Bronx","IN-PLAY","General Election 2020 - 11/03/2020",,"State Senator","34",1,"Scattered",1
"AD","ED","County","EDAD Status","Event","Party/Independent Body","Office/Position Title","District Key","VoteFor","Unit Name","Tally","82","044","Bronx","IN-PLAY","General Election 2020 - 11/03/2020",,"State Senator","34",1,"Public Counter",532
"AD","ED","County","EDAD Status","Event","Party/Independent Body","Office/Position Title","District Key","VoteFor","Unit Name","Tally","82","044","Bronx","IN-PLAY","General Election 2020 - 11/03/2020",,"State Senator","34",1,"Manually Counted Emergency",0
"AD","ED","County","EDAD Status","Event","Party/Independent Body","Office/Position Title","District Key","VoteFor","Unit Name","Tally","82","044","Bronx","IN-PLAY","General Election 2020 - 11/03/2020",,"State Senator","34",1,"Absentee / Military",90
"AD","ED","County","EDAD Status","Event","Party/Independent Body","Office/Position Title","District Key","VoteFor","Unit Name","Tally","82","044","Bronx","IN-PLAY","General Election 2020 - 11/03/2020",,"State Senator","34",1,"Federal",0
"AD","ED","County","EDAD Status","Event","Party/Independent Body","Office/Position Title","District Key","VoteFor","Unit Name","Tally","82","044","Bronx","IN-PLAY","General Election 2020 - 11/03/2020",,"State Senator","34",1,"Special Presidential",0
"AD","ED","County","EDAD Status","Event","Party/Independent Body","Office/Position Title","District Key","VoteFor","Unit Name","Tally","82","044","Bronx","IN-PLAY","General Election 2020 - 11/03/2020",,"State Senator","34",1,"Affidavit",7
"AD","ED","County","EDAD Status","Event","Party/Independent Body","Office/Position Title","District Key","VoteFor","Unit Name","Tally","82","044","Bronx","IN-PLAY","General Election 2020 - 11/03/2020",,"State Senator","34",1,"Alessandra Biaggi (Democratic)",258
"AD","ED","County","EDAD Status","Event","Party/Independent Body","Office/Position Title","District Key","VoteFor","Unit Name","Tally","82","044","Bronx","IN-PLAY","General Election 2020 - 11/03/2020",,"State Senator","34",1,"James B. Gisondi (Republican)",305
"AD","ED","County","EDAD Status","Event","Party/Independent Body","Office/Position Title","District Key","VoteFor","Unit Name","Tally","82","044","Bronx","IN-PLAY","General Election 2020 - 11/03/2020",,"State Senator","34",1,"Antonio Vitiello (Conservative)",30
"AD","ED","County","EDAD Status","Event","Party/Independent Body","Office/Position Title","District Key","VoteFor","Unit Name","Tally","82","044","Bronx","IN-PLAY","General Election 2020 - 11/03/2020",,"State Senator","34",1,"Alessandra Biaggi (Working Families)",26
"AD","ED","County","EDAD Status","Event","Party/Independent Body","Office/Position Title","District Key","VoteFor","Unit Name","Tally","82","045","Bronx","IN-PLAY","General Election 2020 - 11/03/2020",,"State Senator","34",1,"Public Counter",404
"AD","ED","County","EDAD Status","Event","Party/Independent Body","Office/Position Title","District Key","VoteFor","Unit Name","Tally","82","045","Bronx","IN-PLAY","General Election 2020 - 11/03/2020",,"State Senator","34",1,"Manually Counted Emergency",0
"AD","ED","County","EDAD Status","Event","Party/Independent Body","Office/Position Title","District Key","VoteFor","Unit Name","Tally","82","045","Bronx","IN-PLAY","General Election 2020 - 11/03/2020",,"State Senator","34",1,"Absentee / Military",75
"AD","ED","County","EDAD Status","Event","Party/Independent Body","Office/Position Title","District Key","VoteFor","Unit Name","Tally","82","045","Bronx","IN-PLAY","General Election 2020 - 11/03/2020",,"State Senator","34",1,"Federal",1
"AD","ED","County","EDAD Status","Event","Party/Independent Body","Office/Position Title","District Key","VoteFor","Unit Name","Tally","82","045","Bronx","IN-PLAY","General Election 2020 - 11/03/2020",,"State Senator","34",1,"Special Presidential",0
"AD","ED","County","EDAD Status","Event","Party/Independent Body","Office/Position Title","District Key","VoteFor","Unit Name","Tally","82","045","Bronx","IN-PLAY","General Election 2020 - 11/03/2020",,"State Senator","34",1,"Affidavit",3
"AD","ED","County","EDAD Status","Event","Party/Independent Body","Office/Position Title","District Key","VoteFor","Unit Name","Tally","82","045","Bronx","IN-PLAY","General Election 2020 - 11/03/2020",,"State Senator","34",1,"Alessandra Biaggi (Democratic)",184
"AD","ED","County","EDAD Status","Event","Party/Independent Body","Office/Position Title","District Key","VoteFor","Unit Name","Tally","82","045","Bronx","IN-PLAY","General Election 2020 - 11/03/2020",,"State Senator","34",1,"James B. Gisondi (Republican)",238
"AD","ED","County","EDAD Status","Event","Party/Independent Body","Office/Position Title","District Key","VoteFor","Unit Name","Tally","82","045","Bronx","IN-PLAY","General Election 2020 - 11/03/2020",,"State Senator","34",1,"Antonio Vitiello (Conservative)",28
"AD","ED","County","EDAD Status","Event","Party/Independent Body","Office/Position Title","District Key","VoteFor","Unit Name","Tally","82","045","Bronx","IN-PLAY","General Election 2020 - 11/03/2020",,"State Senator","34",1,"Alessandra Biaggi (Working Families)",17
"AD","ED","County","EDAD Status","Event","Party/Independent Body","Office/Position Title","District Key","VoteFor","Unit Name","Tally","82","046","Bronx","IN-PLAY","General Election 2020 - 11/03/2020",,"State Senator","34",1,"Public Counter",469
"AD","ED","County","EDAD Status","Event","Party/Independent Body","Office/Position Title","District Key","VoteFor","Unit Name","Tally","82","046","Bronx","IN-PLAY","General Election 2020 - 11/03/2020",,"State Senator","34",1,"Manually Counted Emergency",0
"AD","ED","County","EDAD Status","Event","Party/Independent Body","Office/Position Title","District Key","VoteFor","Unit Name","Tally","82","046","Bronx","IN-PLAY","General Election 2020 - 11/03/2020",,"State Senator","34",1,"Absentee / Military",97
"AD","ED","County","EDAD Status","Event","Party/Independent Body","Office/Position Title","District Key","VoteFor","Unit Name","Tally","82","046","Bronx","IN-PLAY","General Election 2020 - 11/03/2020",,"State Senator","34",1,"Federal",1
"AD","ED","County","EDAD Status","Event","Party/Independent Body","Office/Position Title","District Key","VoteFor","Unit Name","Tally","82","046","Bronx","IN-PLAY","General Election 2020 - 11/03/2020",,"State Senator","34",1,"Special Presidential",0
"AD","ED","County","EDAD Status","Event","Party/Independent Body","Office/Position Title","District Key","VoteFor","Unit Name","Tally","82","046","Bronx","IN-PLAY","General Election 2020 - 11/03/2020",,"State Senator","34",1,"Affidavit",9
"AD","ED","County","EDAD Status","Event","Party/Independent Body","Office/Position Title","District Key","VoteFor","Unit Name","Tally","82","046","Bronx","IN-PLAY","General Election 2020 - 11/03/2020",,"State Senator","34",1,"Alessandra Biaggi (Democratic)",205
"AD","ED","County","EDAD Status","Event","Party/Independent Body","Office/Position Title","District Key","VoteFor","Unit Name","Tally","82","046","Bronx","IN-PLAY","General Election 2020 - 11/03/2020",,"State Senator","34",1,"James B. Gisondi (Republican)",278
"AD","ED","County","EDAD Status","Event","Party/Independent Body","Office/Position Title","District Key","VoteFor","Unit Name","Tally","82","046","Bronx","IN-PLAY","General Election 2020 - 11/03/2020",,"State Senator","34",1,"Antonio Vitiello (Conservative)",36
"AD","ED","County","EDAD Status","Event","Party/Independent Body","Office/Position Title","District Key","VoteFor","Unit Name","Tally","82","046","Bronx","IN-PLAY","General Election 2020 - 11/03/2020",,"State Senator","34",1,"Alessandra Biaggi (Working Families)",20
"AD","ED","County","EDAD Status","Event","Party/Independent Body","Office/Position Title","District Key","VoteFor","Unit Name","Tally","82","047","Bronx","IN-PLAY","General Election 2020 - 11/03/2020",,"State Senator","34",1,"Public Counter",461
"AD","ED","County","EDAD Status","Event","Party/Independent Body","Office/Position Title","District Key","VoteFor","Unit Name","Tally","82","047","Bronx","IN-PLAY","General Election 2020 - 11/03/2020",,"State Senator","34",1,"Manually Counted Emergency",0
"AD","ED","County","EDAD Status","Event","Party/Independent Body","Office/Position Title","District Key","VoteFor","Unit Name","Tally","82","047","Bronx","IN-PLAY","General Election 2020 - 11/03/2020",,"State Senator","34",1,"Absentee / Military",69
"AD","ED","County","EDAD Status","Event","Party/Independent Body","Office/Position Title","District Key","VoteFor","Unit Name","Tally","82","047","Bronx","IN-PLAY","General Election 2020 - 11/03/2020",,"State Senator","34",1,"Federal",2
"AD","ED","County","EDAD Status","Event","Party/Independent Body","Office/Position Title","District Key","VoteFor","Unit Name","Tally","82","047","Bronx","IN-PLAY","General Election 2020 - 11/03/2020",,"State Senator","34",1,"Special Presidential",0
"AD","ED","County","EDAD Status","Event","Party/Independent Body","Office/Position Title","District Key","VoteFor","Unit Name","Tally","82","047","Bronx","IN-PLAY","General Election 2020 - 11/03/2020",,"State Senator","34",1,"Affidavit",11
"AD","ED","County","EDAD Status","Event","Party/Independent Body","Office/Position Title","District Key","VoteFor","Unit Name","Tally","82","047","Bronx","IN-PLAY","General Election 2020 - 11/03/2020",,"State Senator","34",1,"Alessandra Biaggi (Democratic)",199
"AD","ED","County","EDAD Status","Event","Party/Independent Body","Office/Position Title","District Key","VoteFor","Unit Name","Tally","82","047","Bronx","IN-PLAY","General Election 2020 - 11/03/2020",,"State Senator","34",1,"James B. Gisondi (Republican)",268
"AD","ED","County","EDAD Status","Event","Party/Independent Body","Office/Position Title","District Key","VoteFor","Unit Name","Tally","82","047","Bronx","IN-PLAY","General Election 2020 - 11/03/2020",,"State Senator","34",1,"Antonio Vitiello (Conservative)",31
"AD","ED","County","EDAD Status","Event","Party/Independent Body","Office/Position Title","District Key","VoteFor","Unit Name","Tally","82","047","Bronx","IN-PLAY","General Election 2020 - 11/03/2020",,"State Senator","34",1,"Alessandra Biaggi (Working Families)",23
"AD","ED","County","EDAD Status","Event","Party/Independent Body","Office/Position Title","District Key","VoteFor","Unit Name","Tally","82","047","Bronx","IN-PLAY","General Election 2020 - 11/03/2020",,"State Senator","34",1,"Scattered",1
"AD","ED","County","EDAD Status","Event","Party/Independent Body","Office/Position Title","District Key","VoteFor","Unit Name","Tally","82","048","Bronx","IN-PLAY","General Election 2020 - 11/03/2020",,"State Senator","34",1,"Public Counter",517
"AD","ED","County","EDAD Status","Event","Party/Independent Body","Office/Position Title","District Key","VoteFor","Unit Name","Tally","82","048","Bronx","IN-PLAY","General Election 2020 - 11/03/2020",,"State Senator","34",1,"Manually Counted Emergency",0
"AD","ED","County","EDAD Status","Event","Party/Independent Body","Office/Position Title","District Key","VoteFor","Unit Name","Tally","82","048","Bronx","IN-PLAY","General Election 2020 - 11/03/2020",,"State Senator","34",1,"Absentee / Military",54
"AD","ED","County","EDAD Status","Event","Party/Independent Body","Office/Position Title","District Key","VoteFor","Unit Name","Tally","82","048","Bronx","IN-PLAY","General Election 2020 - 11/03/2020",,"State Senator","34",1,"Federal",2
"AD","ED","County","EDAD Status","Event","Party/Independent Body","Office/Position Title","District Key","VoteFor","Unit Name","Tally","82","048","Bronx","IN-PLAY","General Election 2020 - 11/03/2020",,"State Senator","34",1,"Special Presidential",0
"AD","ED","County","EDAD Status","Event","Party/Independent Body","Office/Position Title","District Key","VoteFor","Unit Name","Tally","82","048","Bronx","IN-PLAY","General Election 2020 - 11/03/2020",,"State Senator","34",1,"Affidavit",6
"AD","ED","County","EDAD Status","Event","Party/Independent Body","Office/Position Title","District Key","VoteFor","Unit Name","Tally","82","048","Bronx","IN-PLAY","General Election 2020 - 11/03/2020",,"State Senator","34",1,"Alessandra Biaggi (Democratic)",213
"AD","ED","County","EDAD Status","Event","Party/Independent Body","Office/Position Title","District Key","VoteFor","Unit Name","Tally","82","048","Bronx","IN-PLAY","General Election 2020 - 11/03/2020",,"State Senator","34",1,"James B. Gisondi (Republican)",282
"AD","ED","County","EDAD Status","Event","Party/Independent Body","Office/Position Title","District Key","VoteFor","Unit Name","Tally","82","048","Bronx","IN-PLAY","General Election 2020 - 11/03/2020",,"State Senator","34",1,"Antonio Vitiello (Conservative)",30
"AD","ED","County","EDAD Status","Event","Party/Independent Body","Office/Position Title","District Key","VoteFor","Unit Name","Tally","82","048","Bronx","IN-PLAY","General Election 2020 - 11/03/2020",,"State Senator","34",1,"Alessandra Biaggi (Working Families)",30
"AD","ED","County","EDAD Status","Event","Party/Independent Body","Office/Position Title","District Key","VoteFor","Unit Name","Tally","82","049","Bronx","IN-PLAY","General Election 2020 - 11/03/2020",,"State Senator","34",1,"Public Counter",610
"AD","ED","County","EDAD Status","Event","Party/Independent Body","Office/Position Title","District Key","VoteFor","Unit Name","Tally","82","049","Bronx","IN-PLAY","General Election 2020 - 11/03/2020",,"State Senator","34",1,"Manually Counted Emergency",0
"AD","ED","County","EDAD Status","Event","Party/Independent Body","Office/Position Title","District Key","VoteFor","Unit Name","Tally","82","049","Bronx","IN-PLAY","General Election 2020 - 11/03/2020",,"State Senator","34",1,"Absentee / Military",94
"AD","ED","County","EDAD Status","Event","Party/Independent Body","Office/Position Title","District Key","VoteFor","Unit Name","Tally","82","049","Bronx","IN-PLAY","General Election 2020 - 11/03/2020",,"State Senator","34",1,"Federal",0
"AD","ED","County","EDAD Status","Event","Party/Independent Body","Office/Position Title","District Key","VoteFor","Unit Name","Tally","82","049","Bronx","IN-PLAY","General Election 2020 - 11/03/2020",,"State Senator","34",1,"Special Presidential",0
"AD","ED","County","EDAD Status","Event","Party/Independent Body","Office/Position Title","District Key","VoteFor","Unit Name","Tally","82","049","Bronx","IN-PLAY","General Election 2020 - 11/03/2020",,"State Senator","34",1,"Affidavit",18
"AD","ED","County","EDAD Status","Event","Party/Independent Body","Office/Position Title","District Key","VoteFor","Unit Name","Tally","82","049","Bronx","IN-PLAY","General Election 2020 - 11/03/2020",,"State Senator","34",1,"Alessandra Biaggi (Democratic)",256
"AD","ED","County","EDAD Status","Event","Party/Independent Body","Office/Position Title","District Key","VoteFor","Unit Name","Tally","82","049","Bronx","IN-PLAY","General Election 2020 - 11/03/2020",,"State Senator","34",1,"James B. Gisondi (Republican)",365
"AD","ED","County","EDAD Status","Event","Party/Independent Body","Office/Position Title","District Key","VoteFor","Unit Name","Tally","82","049","Bronx","IN-PLAY","General Election 2020 - 11/03/2020",,"State Senator","34",1,"Antonio Vitiello (Conservative)",52
"AD","ED","County","EDAD Status","Event","Party/Independent Body","Office/Position Title","District Key","VoteFor","Unit Name","Tally","82","049","Bronx","IN-PLAY","General Election 2020 - 11/03/2020",,"State Senator","34",1,"Alessandra Biaggi (Working Families)",25
"AD","ED","County","EDAD Status","Event","Party/Independent Body","Office/Position Title","District Key","VoteFor","Unit Name","Tally","82","050","Bronx","IN-PLAY","General Election 2020 - 11/03/2020",,"State Senator","34",1,"Public Counter",373
"AD","ED","County","EDAD Status","Event","Party/Independent Body","Office/Position Title","District Key","VoteFor","Unit Name","Tally","82","050","Bronx","IN-PLAY","General Election 2020 - 11/03/2020",,"State Senator","34",1,"Manually Counted Emergency",0
"AD","ED","County","EDAD Status","Event","Party/Independent Body","Office/Position Title","District Key","VoteFor","Unit Name","Tally","82","050","Bronx","IN-PLAY","General Election 2020 - 11/03/2020",,"State Senator","34",1,"Absentee / Military",66
"AD","ED","County","EDAD Status","Event","Party/Independent Body","Office/Position Title","District Key","VoteFor","Unit Name","Tally","82","050","Bronx","IN-PLAY","General Election 2020 - 11/03/2020",,"State Senator","34",1,"Federal",0
"AD","ED","County","EDAD Status","Event","Party/Independent Body","Office/Position Title","District Key","VoteFor","Unit Name","Tally","82","050","Bronx","IN-PLAY","General Election 2020 - 11/03/2020",,"State Senator","34",1,"Special Presidential",0
"AD","ED","County","EDAD Status","Event","Party/Independent Body","Office/Position Title","District Key","VoteFor","Unit Name","Tally","82","050","Bronx","IN-PLAY","General Election 2020 - 11/03/2020",,"State Senator","34",1,"Affidavit",5
"AD","ED","County","EDAD Status","Event","Party/Independent Body","Office/Position Title","District Key","VoteFor","Unit Name","Tally","82","050","Bronx","IN-PLAY","General Election 2020 - 11/03/2020",,"State Senator","34",1,"Alessandra Biaggi (Democratic)",283
"AD","ED","County","EDAD Status","Event","Party/Independent Body","Office/Position Title","District Key","VoteFor","Unit Name","Tally","82","050","Bronx","IN-PLAY","General Election 2020 - 11/03/2020",,"State Senator","34",1,"James B. Gisondi (Republican)",104
"AD","ED","County","EDAD Status","Event","Party/Independent Body","Office/Position Title","District Key","VoteFor","Unit Name","Tally","82","050","Bronx","IN-PLAY","General Election 2020 - 11/03/2020",,"State Senator","34",1,"Antonio Vitiello (Conservative)",14
"AD","ED","County","EDAD Status","Event","Party/Independent Body","Office/Position Title","District Key","VoteFor","Unit Name","Tally","82","050","Bronx","IN-PLAY","General Election 2020 - 11/03/2020",,"State Senator","34",1,"Alessandra Biaggi (Working Families)",34
"AD","ED","County","EDAD Status","Event","Party/Independent Body","Office/Position Title","District Key","VoteFor","Unit Name","Tally","82","051","Bronx","IN-PLAY","General Election 2020 - 11/03/2020",,"State Senator","34",1,"Public Counter",592
"AD","ED","County","EDAD Status","Event","Party/Independent Body","Office/Position Title","District Key","VoteFor","Unit Name","Tally","82","051","Bronx","IN-PLAY","General Election 2020 - 11/03/2020",,"State Senator","34",1,"Manually Counted Emergency",0
"AD","ED","County","EDAD Status","Event","Party/Independent Body","Office/Position Title","District Key","VoteFor","Unit Name","Tally","82","051","Bronx","IN-PLAY","General Election 2020 - 11/03/2020",,"State Senator","34",1,"Absentee / Military",84
"AD","ED","County","EDAD Status","Event","Party/Independent Body","Office/Position Title","District Key","VoteFor","Unit Name","Tally","82","051","Bronx","IN-PLAY","General Election 2020 - 11/03/2020",,"State Senator","34",1,"Federal",5
"AD","ED","County","EDAD Status","Event","Party/Independent Body","Office/Position Title","District Key","VoteFor","Unit Name","Tally","82","051","Bronx","IN-PLAY","General Election 2020 - 11/03/2020",,"State Senator","34",1,"Special Presidential",0
"AD","ED","County","EDAD Status","Event","Party/Independent Body","Office/Position Title","District Key","VoteFor","Unit Name","Tally","82","051","Bronx","IN-PLAY","General Election 2020 - 11/03/2020",,"State Senator","34",1,"Affidavit",8
"AD","ED","County","EDAD Status","Event","Party/Independent Body","Office/Position Title","District Key","VoteFor","Unit Name","Tally","82","051","Bronx","IN-PLAY","General Election 2020 - 11/03/2020",,"State Senator","34",1,"Alessandra Biaggi (Democratic)",435
"AD","ED","County","EDAD Status","Event","Party/Independent Body","Office/Position Title","District Key","VoteFor","Unit Name","Tally","82","051","Bronx","IN-PLAY","General Election 2020 - 11/03/2020",,"State Senator","34",1,"James B. Gisondi (Republican)",155
"AD","ED","County","EDAD Status","Event","Party/Independent Body","Office/Position Title","District Key","VoteFor","Unit Name","Tally","82","051","Bronx","IN-PLAY","General Election 2020 - 11/03/2020",,"State Senator","34",1,"Antonio Vitiello (Conservative)",18
"AD","ED","County","EDAD Status","Event","Party/Independent Body","Office/Position Title","District Key","VoteFor","Unit Name","Tally","82","051","Bronx","IN-PLAY","General Election 2020 - 11/03/2020",,"State Senator","34",1,"Alessandra Biaggi (Working Families)",47
"AD","ED","County","EDAD Status","Event","Party/Independent Body","Office/Position Title","District Key","VoteFor","Unit Name","Tally","82","051","Bronx","IN-PLAY","General Election 2020 - 11/03/2020",,"State Senator","34",1,"Scattered",1
"AD","ED","County","EDAD Status","Event","Party/Independent Body","Office/Position Title","District Key","VoteFor","Unit Name","Tally","82","052","Bronx","IN-PLAY","General Election 2020 - 11/03/2020",,"State Senator","34",1,"Public Counter",613
"AD","ED","County","EDAD Status","Event","Party/Independent Body","Office/Position Title","District Key","VoteFor","Unit Name","Tally","82","052","Bronx","IN-PLAY","General Election 2020 - 11/03/2020",,"State Senator","34",1,"Manually Counted Emergency",0
"AD","ED","County","EDAD Status","Event","Party/Independent Body","Office/Position Title","District Key","VoteFor","Unit Name","Tally","82","052","Bronx","IN-PLAY","General Election 2020 - 11/03/2020",,"State Senator","34",1,"Absentee / Military",112
"AD","ED","County","EDAD Status","Event","Party/Independent Body","Office/Position Title","District Key","VoteFor","Unit Name","Tally","82","052","Bronx","IN-PLAY","General Election 2020 - 11/03/2020",,"State Senator","34",1,"Federal",0
"AD","ED","County","EDAD Status","Event","Party/Independent Body","Office/Position Title","District Key","VoteFor","Unit Name","Tally","82","052","Bronx","IN-PLAY","General Election 2020 - 11/03/2020",,"State Senator","34",1,"Special Presidential",0
"AD","ED","County","EDAD Status","Event","Party/Independent Body","Office/Position Title","District Key","VoteFor","Unit Name","Tally","82","052","Bronx","IN-PLAY","General Election 2020 - 11/03/2020",,"State Senator","34",1,"Affidavit",7
"AD","ED","County","EDAD Status","Event","Party/Independent Body","Office/Position Title","District Key","VoteFor","Unit Name","Tally","82","052","Bronx","IN-PLAY","General Election 2020 - 11/03/2020",,"State Senator","34",1,"Alessandra Biaggi (Democratic)",443
"AD","ED","County","EDAD Status","Event","Party/Independent Body","Office/Position Title","District Key","VoteFor","Unit Name","Tally","82","052","Bronx","IN-PLAY","General Election 2020 - 11/03/2020",,"State Senator","34",1,"James B. Gisondi (Republican)",209
"AD","ED","County","EDAD Status","Event","Party/Independent Body","Office/Position Title","District Key","VoteFor","Unit Name","Tally","82","052","Bronx","IN-PLAY","General Election 2020 - 11/03/2020",,"State Senator","34",1,"Antonio Vitiello (Conservative)",24
"AD","ED","County","EDAD Status","Event","Party/Independent Body","Office/Position Title","District Key","VoteFor","Unit Name","Tally","82","052","Bronx","IN-PLAY","General Election 2020 - 11/03/2020",,"State Senator","34",1,"Alessandra Biaggi (Working Families)",39
"AD","ED","County","EDAD Status","Event","Party/Independent Body","Office/Position Title","District Key","VoteFor","Unit Name","Tally","82","053","Bronx","IN-PLAY","General Election 2020 - 11/03/2020",,"State Senator","34",1,"Public Counter",384
"AD","ED","County","EDAD Status","Event","Party/Independent Body","Office/Position Title","District Key","VoteFor","Unit Name","Tally","82","053","Bronx","IN-PLAY","General Election 2020 - 11/03/2020",,"State Senator","34",1,"Manually Counted Emergency",0
"AD","ED","County","EDAD Status","Event","Party/Independent Body","Office/Position Title","District Key","VoteFor","Unit Name","Tally","82","053","Bronx","IN-PLAY","General Election 2020 - 11/03/2020",,"State Senator","34",1,"Absentee / Military",100
"AD","ED","County","EDAD Status","Event","Party/Independent Body","Office/Position Title","District Key","VoteFor","Unit Name","Tally","82","053","Bronx","IN-PLAY","General Election 2020 - 11/03/2020",,"State Senator","34",1,"Federal",0
"AD","ED","County","EDAD Status","Event","Party/Independent Body","Office/Position Title","District Key","VoteFor","Unit Name","Tally","82","053","Bronx","IN-PLAY","General Election 2020 - 11/03/2020",,"State Senator","34",1,"Special Presidential",0
"AD","ED","County","EDAD Status","Event","Party/Independent Body","Office/Position Title","District Key","VoteFor","Unit Name","Tally","82","053","Bronx","IN-PLAY","General Election 2020 - 11/03/2020",,"State Senator","34",1,"Affidavit",2
"AD","ED","County","EDAD Status","Event","Party/Independent Body","Office/Position Title","District Key","VoteFor","Unit Name","Tally","82","053","Bronx","IN-PLAY","General Election 2020 - 11/03/2020",,"State Senator","34",1,"Alessandra Biaggi (Democratic)",311
"AD","ED","County","EDAD Status","Event","Party/Independent Body","Office/Position Title","District Key","VoteFor","Unit Name","Tally","82","053","Bronx","IN-PLAY","General Election 2020 - 11/03/2020",,"State Senator","34",1,"James B. Gisondi (Republican)",105
"AD","ED","County","EDAD Status","Event","Party/Independent Body","Office/Position Title","District Key","VoteFor","Unit Name","Tally","82","053","Bronx","IN-PLAY","General Election 2020 - 11/03/2020",,"State Senator","34",1,"Antonio Vitiello (Conservative)",18
"AD","ED","County","EDAD Status","Event","Party/Independent Body","Office/Position Title","District Key","VoteFor","Unit Name","Tally","82","053","Bronx","IN-PLAY","General Election 2020 - 11/03/2020",,"State Senator","34",1,"Alessandra Biaggi (Working Families)",36
"AD","ED","County","EDAD Status","Event","Party/Independent Body","Office/Position Title","District Key","VoteFor","Unit Name","Tally","82","055","Bronx","IN-PLAY","General Election 2020 - 11/03/2020",,"State Senator","34",1,"Public Counter",387
"AD","ED","County","EDAD Status","Event","Party/Independent Body","Office/Position Title","District Key","VoteFor","Unit Name","Tally","82","055","Bronx","IN-PLAY","General Election 2020 - 11/03/2020",,"State Senator","34",1,"Manually Counted Emergency",0
"AD","ED","County","EDAD Status","Event","Party/Independent Body","Office/Position Title","District Key","VoteFor","Unit Name","Tally","82","055","Bronx","IN-PLAY","General Election 2020 - 11/03/2020",,"State Senator","34",1,"Absentee / Military",37
"AD","ED","County","EDAD Status","Event","Party/Independent Body","Office/Position Title","District Key","VoteFor","Unit Name","Tally","82","055","Bronx","IN-PLAY","General Election 2020 - 11/03/2020",,"State Senator","34",1,"Federal",0
"AD","ED","County","EDAD Status","Event","Party/Independent Body","Office/Position Title","District Key","VoteFor","Unit Name","Tally","82","055","Bronx","IN-PLAY","General Election 2020 - 11/03/2020",,"State Senator","34",1,"Special Presidential",0
"AD","ED","County","EDAD Status","Event","Party/Independent Body","Office/Position Title","District Key","VoteFor","Unit Name","Tally","82","055","Bronx","IN-PLAY","General Election 2020 - 11/03/2020",,"State Senator","34",1,"Affidavit",4
"AD","ED","County","EDAD Status","Event","Party/Independent Body","Office/Position Title","District Key","VoteFor","Unit Name","Tally","82","055","Bronx","IN-PLAY","General Election 2020 - 11/03/2020",,"State Senator","34",1,"Alessandra Biaggi (Democratic)",226
"AD","ED","County","EDAD Status","Event","Party/Independent Body","Office/Position Title","District Key","VoteFor","Unit Name","Tally","82","055","Bronx","IN-PLAY","General Election 2020 - 11/03/2020",,"State Senator","34",1,"James B. Gisondi (Republican)",152
"AD","ED","County","EDAD Status","Event","Party/Independent Body","Office/Position Title","District Key","VoteFor","Unit Name","Tally","82","055","Bronx","IN-PLAY","General Election 2020 - 11/03/2020",,"State Senator","34",1,"Antonio Vitiello (Conservative)",13
"AD","ED","County","EDAD Status","Event","Party/Independent Body","Office/Position Title","District Key","VoteFor","Unit Name","Tally","82","055","Bronx","IN-PLAY","General Election 2020 - 11/03/2020",,"State Senator","34",1,"Alessandra Biaggi (Working Families)",13
"AD","ED","County","EDAD Status","Event","Party/Independent Body","Office/Position Title","District Key","VoteFor","Unit Name","Tally","82","056","Bronx","IN-PLAY","General Election 2020 - 11/03/2020",,"State Senator","34",1,"Public Counter",406
"AD","ED","County","EDAD Status","Event","Party/Independent Body","Office/Position Title","District Key","VoteFor","Unit Name","Tally","82","056","Bronx","IN-PLAY","General Election 2020 - 11/03/2020",,"State Senator","34",1,"Manually Counted Emergency",0
"AD","ED","County","EDAD Status","Event","Party/Independent Body","Office/Position Title","District Key","VoteFor","Unit Name","Tally","82","056","Bronx","IN-PLAY","General Election 2020 - 11/03/2020",,"State Senator","34",1,"Absentee / Military",95
"AD","ED","County","EDAD Status","Event","Party/Independent Body","Office/Position Title","District Key","VoteFor","Unit Name","Tally","82","056","Bronx","IN-PLAY","General Election 2020 - 11/03/2020",,"State Senator","34",1,"Federal",3
"AD","ED","County","EDAD Status","Event","Party/Independent Body","Office/Position Title","District Key","VoteFor","Unit Name","Tally","82","056","Bronx","IN-PLAY","General Election 2020 - 11/03/2020",,"State Senator","34",1,"Special Presidential",0
"AD","ED","County","EDAD Status","Event","Party/Independent Body","Office/Position Title","District Key","VoteFor","Unit Name","Tally","82","056","Bronx","IN-PLAY","General Election 2020 - 11/03/2020",,"State Senator","34",1,"Affidavit",3
"AD","ED","County","EDAD Status","Event","Party/Independent Body","Office/Position Title","District Key","VoteFor","Unit Name","Tally","82","056","Bronx","IN-PLAY","General Election 2020 - 11/03/2020",,"State Senator","34",1,"Alessandra Biaggi (Democratic)",290
"AD","ED","County","EDAD Status","Event","Party/Independent Body","Office/Position Title","District Key","VoteFor","Unit Name","Tally","82","056","Bronx","IN-PLAY","General Election 2020 - 11/03/2020",,"State Senator","34",1,"James B. Gisondi (Republican)",142
"AD","ED","County","EDAD Status","Event","Party/Independent Body","Office/Position Title","District Key","VoteFor","Unit Name","Tally","82","056","Bronx","IN-PLAY","General Election 2020 - 11/03/2020",,"State Senator","34",1,"Antonio Vitiello (Conservative)",19
"AD","ED","County","EDAD Status","Event","Party/Independent Body","Office/Position Title","District Key","VoteFor","Unit Name","Tally","82","056","Bronx","IN-PLAY","General Election 2020 - 11/03/2020",,"State Senator","34",1,"Alessandra Biaggi (Working Families)",29
"AD","ED","County","EDAD Status","Event","Party/Independent Body","Office/Position Title","District Key","VoteFor","Unit Name","Tally","82","057","Bronx","IN-PLAY","General Election 2020 - 11/03/2020",,"State Senator","34",1,"Public Counter",416
"AD","ED","County","EDAD Status","Event","Party/Independent Body","Office/Position Title","District Key","VoteFor","Unit Name","Tally","82","057","Bronx","IN-PLAY","General Election 2020 - 11/03/2020",,"State Senator","34",1,"Manually Counted Emergency",0
"AD","ED","County","EDAD Status","Event","Party/Independent Body","Office/Position Title","District Key","VoteFor","Unit Name","Tally","82","057","Bronx","IN-PLAY","General Election 2020 - 11/03/2020",,"State Senator","34",1,"Absentee / Military",136
"AD","ED","County","EDAD Status","Event","Party/Independent Body","Office/Position Title","District Key","VoteFor","Unit Name","Tally","82","057","Bronx","IN-PLAY","General Election 2020 - 11/03/2020",,"State Senator","34",1,"Federal",2
"AD","ED","County","EDAD Status","Event","Party/Independent Body","Office/Position Title","District Key","VoteFor","Unit Name","Tally","82","057","Bronx","IN-PLAY","General Election 2020 - 11/03/2020",,"State Senator","34",1,"Special Presidential",0
"AD","ED","County","EDAD Status","Event","Party/Independent Body","Office/Position Title","District Key","VoteFor","Unit Name","Tally","82","057","Bronx","IN-PLAY","General Election 2020 - 11/03/2020",,"State Senator","34",1,"Affidavit",1
"AD","ED","County","EDAD Status","Event","Party/Independent Body","Office/Position Title","District Key","VoteFor","Unit Name","Tally","82","057","Bronx","IN-PLAY","General Election 2020 - 11/03/2020",,"State Senator","34",1,"Alessandra Biaggi (Democratic)",336
"AD","ED","County","EDAD Status","Event","Party/Independent Body","Office/Position Title","District Key","VoteFor","Unit Name","Tally","82","057","Bronx","IN-PLAY","General Election 2020 - 11/03/2020",,"State Senator","34",1,"James B. Gisondi (Republican)",148
"AD","ED","County","EDAD Status","Event","Party/Independent Body","Office/Position Title","District Key","VoteFor","Unit Name","Tally","82","057","Bronx","IN-PLAY","General Election 2020 - 11/03/2020",,"State Senator","34",1,"Antonio Vitiello (Conservative)",24
"AD","ED","County","EDAD Status","Event","Party/Independent Body","Office/Position Title","District Key","VoteFor","Unit Name","Tally","82","057","Bronx","IN-PLAY","General Election 2020 - 11/03/2020",,"State Senator","34",1,"Alessandra Biaggi (Working Families)",31
"AD","ED","County","EDAD Status","Event","Party/Independent Body","Office/Position Title","District Key","VoteFor","Unit Name","Tally","82","058","Bronx","IN-PLAY","General Election 2020 - 11/03/2020",,"State Senator","34",1,"Public Counter",402
"AD","ED","County","EDAD Status","Event","Party/Independent Body","Office/Position Title","District Key","VoteFor","Unit Name","Tally","82","058","Bronx","IN-PLAY","General Election 2020 - 11/03/2020",,"State Senator","34",1,"Manually Counted Emergency",0
"AD","ED","County","EDAD Status","Event","Party/Independent Body","Office/Position Title","District Key","VoteFor","Unit Name","Tally","82","058","Bronx","IN-PLAY","General Election 2020 - 11/03/2020",,"State Senator","34",1,"Absentee / Military",129
"AD","ED","County","EDAD Status","Event","Party/Independent Body","Office/Position Title","District Key","VoteFor","Unit Name","Tally","82","058","Bronx","IN-PLAY","General Election 2020 - 11/03/2020",,"State Senator","34",1,"Federal",2
"AD","ED","County","EDAD Status","Event","Party/Independent Body","Office/Position Title","District Key","VoteFor","Unit Name","Tally","82","058","Bronx","IN-PLAY","General Election 2020 - 11/03/2020",,"State Senator","34",1,"Special Presidential",0
"AD","ED","County","EDAD Status","Event","Party/Independent Body","Office/Position Title","District Key","VoteFor","Unit Name","Tally","82","058","Bronx","IN-PLAY","General Election 2020 - 11/03/2020",,"State Senator","34",1,"Affidavit",3
"AD","ED","County","EDAD Status","Event","Party/Independent Body","Office/Position Title","District Key","VoteFor","Unit Name","Tally","82","058","Bronx","IN-PLAY","General Election 2020 - 11/03/2020",,"State Senator","34",1,"Alessandra Biaggi (Democratic)",253
"AD","ED","County","EDAD Status","Event","Party/Independent Body","Office/Position Title","District Key","VoteFor","Unit Name","Tally","82","058","Bronx","IN-PLAY","General Election 2020 - 11/03/2020",,"State Senator","34",1,"James B. Gisondi (Republican)",190
"AD","ED","County","EDAD Status","Event","Party/Independent Body","Office/Position Title","District Key","VoteFor","Unit Name","Tally","82","058","Bronx","IN-PLAY","General Election 2020 - 11/03/2020",,"State Senator","34",1,"Antonio Vitiello (Conservative)",31
"AD","ED","County","EDAD Status","Event","Party/Independent Body","Office/Position Title","District Key","VoteFor","Unit Name","Tally","82","058","Bronx","IN-PLAY","General Election 2020 - 11/03/2020",,"State Senator","34",1,"Alessandra Biaggi (Working Families)",36
"AD","ED","County","EDAD Status","Event","Party/Independent Body","Office/Position Title","District Key","VoteFor","Unit Name","Tally","82","059","Bronx","IN-PLAY","General Election 2020 - 11/03/2020",,"State Senator","34",1,"Public Counter",55
"AD","ED","County","EDAD Status","Event","Party/Independent Body","Office/Position Title","District Key","VoteFor","Unit Name","Tally","82","059","Bronx","IN-PLAY","General Election 2020 - 11/03/2020",,"State Senator","34",1,"Manually Counted Emergency",0
"AD","ED","County","EDAD Status","Event","Party/Independent Body","Office/Position Title","District Key","VoteFor","Unit Name","Tally","82","059","Bronx","IN-PLAY","General Election 2020 - 11/03/2020",,"State Senator","34",1,"Absentee / Military",19
"AD","ED","County","EDAD Status","Event","Party/Independent Body","Office/Position Title","District Key","VoteFor","Unit Name","Tally","82","059","Bronx","IN-PLAY","General Election 2020 - 11/03/2020",,"State Senator","34",1,"Federal",0
"AD","ED","County","EDAD Status","Event","Party/Independent Body","Office/Position Title","District Key","VoteFor","Unit Name","Tally","82","059","Bronx","IN-PLAY","General Election 2020 - 11/03/2020",,"State Senator","34",1,"Special Presidential",0
"AD","ED","County","EDAD Status","Event","Party/Independent Body","Office/Position Title","District Key","VoteFor","Unit Name","Tally","82","059","Bronx","IN-PLAY","General Election 2020 - 11/03/2020",,"State Senator","34",1,"Affidavit",2
"AD","ED","County","EDAD Status","Event","Party/Independent Body","Office/Position Title","District Key","VoteFor","Unit Name","Tally","82","059","Bronx","IN-PLAY","General Election 2020 - 11/03/2020",,"State Senator","34",1,"Alessandra Biaggi (Democratic)",59
"AD","ED","County","EDAD Status","Event","Party/Independent Body","Office/Position Title","District Key","VoteFor","Unit Name","Tally","82","059","Bronx","IN-PLAY","General Election 2020 - 11/03/2020",,"State Senator","34",1,"James B. Gisondi (Republican)",6
"AD","ED","County","EDAD Status","Event","Party/Independent Body","Office/Position Title","District Key","VoteFor","Unit Name","Tally","82","059","Bronx","IN-PLAY","General Election 2020 - 11/03/2020",,"State Senator","34",1,"Antonio Vitiello (Conservative)",3
"AD","ED","County","EDAD Status","Event","Party/Independent Body","Office/Position Title","District Key","VoteFor","Unit Name","Tally","82","059","Bronx","IN-PLAY","General Election 2020 - 11/03/2020",,"State Senator","34",1,"Alessandra Biaggi (Working Families)",4
"AD","ED","County","EDAD Status","Event","Party/Independent Body","Office/Position Title","District Key","VoteFor","Unit Name","Tally","82","060","Bronx","IN-PLAY","General Election 2020 - 11/03/2020",,"State Senator","34",1,"Public Counter",457
"AD","ED","County","EDAD Status","Event","Party/Independent Body","Office/Position Title","District Key","VoteFor","Unit Name","Tally","82","060","Bronx","IN-PLAY","General Election 2020 - 11/03/2020",,"State Senator","34",1,"Manually Counted Emergency",0
"AD","ED","County","EDAD Status","Event","Party/Independent Body","Office/Position Title","District Key","VoteFor","Unit Name","Tally","82","060","Bronx","IN-PLAY","General Election 2020 - 11/03/2020",,"State Senator","34",1,"Absentee / Military",115
"AD","ED","County","EDAD Status","Event","Party/Independent Body","Office/Position Title","District Key","VoteFor","Unit Name","Tally","82","060","Bronx","IN-PLAY","General Election 2020 - 11/03/2020",,"State Senator","34",1,"Federal",0
"AD","ED","County","EDAD Status","Event","Party/Independent Body","Office/Position Title","District Key","VoteFor","Unit Name","Tally","82","060","Bronx","IN-PLAY","General Election 2020 - 11/03/2020",,"State Senator","34",1,"Special Presidential",0
"AD","ED","County","EDAD Status","Event","Party/Independent Body","Office/Position Title","District Key","VoteFor","Unit Name","Tally","82","060","Bronx","IN-PLAY","General Election 2020 - 11/03/2020",,"State Senator","34",1,"Affidavit",3
"AD","ED","County","EDAD Status","Event","Party/Independent Body","Office/Position Title","District Key","VoteFor","Unit Name","Tally","82","060","Bronx","IN-PLAY","General Election 2020 - 11/03/2020",,"State Senator","34",1,"Alessandra Biaggi (Democratic)",290
"AD","ED","County","EDAD Status","Event","Party/Independent Body","Office/Position Title","District Key","VoteFor","Unit Name","Tally","82","060","Bronx","IN-PLAY","General Election 2020 - 11/03/2020",,"State Senator","34",1,"James B. Gisondi (Republican)",201
"AD","ED","County","EDAD Status","Event","Party/Independent Body","Office/Position Title","District Key","VoteFor","Unit Name","Tally","82","060","Bronx","IN-PLAY","General Election 2020 - 11/03/2020",,"State Senator","34",1,"Antonio Vitiello (Conservative)",39
"AD","ED","County","EDAD Status","Event","Party/Independent Body","Office/Position Title","District Key","VoteFor","Unit Name","Tally","82","060","Bronx","IN-PLAY","General Election 2020 - 11/03/2020",,"State Senator","34",1,"Alessandra Biaggi (Working Families)",29
"AD","ED","County","EDAD Status","Event","Party/Independent Body","Office/Position Title","District Key","VoteFor","Unit Name","Tally","82","061","Bronx","IN-PLAY","General Election 2020 - 11/03/2020",,"State Senator","34",1,"Public Counter",500
"AD","ED","County","EDAD Status","Event","Party/Independent Body","Office/Position Title","District Key","VoteFor","Unit Name","Tally","82","061","Bronx","IN-PLAY","General Election 2020 - 11/03/2020",,"State Senator","34",1,"Manually Counted Emergency",0
"AD","ED","County","EDAD Status","Event","Party/Independent Body","Office/Position Title","District Key","VoteFor","Unit Name","Tally","82","061","Bronx","IN-PLAY","General Election 2020 - 11/03/2020",,"State Senator","34",1,"Absentee / Military",151
"AD","ED","County","EDAD Status","Event","Party/Independent Body","Office/Position Title","District Key","VoteFor","Unit Name","Tally","82","061","Bronx","IN-PLAY","General Election 2020 - 11/03/2020",,"State Senator","34",1,"Federal",1
"AD","ED","County","EDAD Status","Event","Party/Independent Body","Office/Position Title","District Key","VoteFor","Unit Name","Tally","82","061","Bronx","IN-PLAY","General Election 2020 - 11/03/2020",,"State Senator","34",1,"Special Presidential",0
"AD","ED","County","EDAD Status","Event","Party/Independent Body","Office/Position Title","District Key","VoteFor","Unit Name","Tally","82","061","Bronx","IN-PLAY","General Election 2020 - 11/03/2020",,"State Senator","34",1,"Affidavit",5
"AD","ED","County","EDAD Status","Event","Party/Independent Body","Office/Position Title","District Key","VoteFor","Unit Name","Tally","82","061","Bronx","IN-PLAY","General Election 2020 - 11/03/2020",,"State Senator","34",1,"Alessandra Biaggi (Democratic)",349
"AD","ED","County","EDAD Status","Event","Party/Independent Body","Office/Position Title","District Key","VoteFor","Unit Name","Tally","82","061","Bronx","IN-PLAY","General Election 2020 - 11/03/2020",,"State Senator","34",1,"James B. Gisondi (Republican)",227
"AD","ED","County","EDAD Status","Event","Party/Independent Body","Office/Position Title","District Key","VoteFor","Unit Name","Tally","82","061","Bronx","IN-PLAY","General Election 2020 - 11/03/2020",,"State Senator","34",1,"Antonio Vitiello (Conservative)",18
"AD","ED","County","EDAD Status","Event","Party/Independent Body","Office/Position Title","District Key","VoteFor","Unit Name","Tally","82","061","Bronx","IN-PLAY","General Election 2020 - 11/03/2020",,"State Senator","34",1,"Alessandra Biaggi (Working Families)",47
"AD","ED","County","EDAD Status","Event","Party/Independent Body","Office/Position Title","District Key","VoteFor","Unit Name","Tally","82","061","Bronx","IN-PLAY","General Election 2020 - 11/03/2020",,"State Senator","34",1,"Scattered",1
"AD","ED","County","EDAD Status","Event","Party/Independent Body","Office/Position Title","District Key","VoteFor","Unit Name","Tally","82","062","Bronx","IN-PLAY","General Election 2020 - 11/03/2020",,"State Senator","34",1,"Public Counter",464
"AD","ED","County","EDAD Status","Event","Party/Independent Body","Office/Position Title","District Key","VoteFor","Unit Name","Tally","82","062","Bronx","IN-PLAY","General Election 2020 - 11/03/2020",,"State Senator","34",1,"Manually Counted Emergency",0
"AD","ED","County","EDAD Status","Event","Party/Independent Body","Office/Position Title","District Key","VoteFor","Unit Name","Tally","82","062","Bronx","IN-PLAY","General Election 2020 - 11/03/2020",,"State Senator","34",1,"Absentee / Military",114
"AD","ED","County","EDAD Status","Event","Party/Independent Body","Office/Position Title","District Key","VoteFor","Unit Name","Tally","82","062","Bronx","IN-PLAY","General Election 2020 - 11/03/2020",,"State Senator","34",1,"Federal",5
"AD","ED","County","EDAD Status","Event","Party/Independent Body","Office/Position Title","District Key","VoteFor","Unit Name","Tally","82","062","Bronx","IN-PLAY","General Election 2020 - 11/03/2020",,"State Senator","34",1,"Special Presidential",0
"AD","ED","County","EDAD Status","Event","Party/Independent Body","Office/Position Title","District Key","VoteFor","Unit Name","Tally","82","062","Bronx","IN-PLAY","General Election 2020 - 11/03/2020",,"State Senator","34",1,"Affidavit",4
"AD","ED","County","EDAD Status","Event","Party/Independent Body","Office/Position Title","District Key","VoteFor","Unit Name","Tally","82","062","Bronx","IN-PLAY","General Election 2020 - 11/03/2020",,"State Senator","34",1,"Alessandra Biaggi (Democratic)",300
"AD","ED","County","EDAD Status","Event","Party/Independent Body","Office/Position Title","District Key","VoteFor","Unit Name","Tally","82","062","Bronx","IN-PLAY","General Election 2020 - 11/03/2020",,"State Senator","34",1,"James B. Gisondi (Republican)",199
"AD","ED","County","EDAD Status","Event","Party/Independent Body","Office/Position Title","District Key","VoteFor","Unit Name","Tally","82","062","Bronx","IN-PLAY","General Election 2020 - 11/03/2020",,"State Senator","34",1,"Antonio Vitiello (Conservative)",31
"AD","ED","County","EDAD Status","Event","Party/Independent Body","Office/Position Title","District Key","VoteFor","Unit Name","Tally","82","062","Bronx","IN-PLAY","General Election 2020 - 11/03/2020",,"State Senator","34",1,"Alessandra Biaggi (Working Families)",35
"AD","ED","County","EDAD Status","Event","Party/Independent Body","Office/Position Title","District Key","VoteFor","Unit Name","Tally","82","063","Bronx","IN-PLAY","General Election 2020 - 11/03/2020",,"State Senator","34",1,"Public Counter",372
"AD","ED","County","EDAD Status","Event","Party/Independent Body","Office/Position Title","District Key","VoteFor","Unit Name","Tally","82","063","Bronx","IN-PLAY","General Election 2020 - 11/03/2020",,"State Senator","34",1,"Manually Counted Emergency",0
"AD","ED","County","EDAD Status","Event","Party/Independent Body","Office/Position Title","District Key","VoteFor","Unit Name","Tally","82","063","Bronx","IN-PLAY","General Election 2020 - 11/03/2020",,"State Senator","34",1,"Absentee / Military",113
"AD","ED","County","EDAD Status","Event","Party/Independent Body","Office/Position Title","District Key","VoteFor","Unit Name","Tally","82","063","Bronx","IN-PLAY","General Election 2020 - 11/03/2020",,"State Senator","34",1,"Federal",1
"AD","ED","County","EDAD Status","Event","Party/Independent Body","Office/Position Title","District Key","VoteFor","Unit Name","Tally","82","063","Bronx","IN-PLAY","General Election 2020 - 11/03/2020",,"State Senator","34",1,"Special Presidential",0
"AD","ED","County","EDAD Status","Event","Party/Independent Body","Office/Position Title","District Key","VoteFor","Unit Name","Tally","82","063","Bronx","IN-PLAY","General Election 2020 - 11/03/2020",,"State Senator","34",1,"Affidavit",8
"AD","ED","County","EDAD Status","Event","Party/Independent Body","Office/Position Title","District Key","VoteFor","Unit Name","Tally","82","063","Bronx","IN-PLAY","General Election 2020 - 11/03/2020",,"State Senator","34",1,"Alessandra Biaggi (Democratic)",257
"AD","ED","County","EDAD Status","Event","Party/Independent Body","Office/Position Title","District Key","VoteFor","Unit Name","Tally","82","063","Bronx","IN-PLAY","General Election 2020 - 11/03/2020",,"State Senator","34",1,"James B. Gisondi (Republican)",183
"AD","ED","County","EDAD Status","Event","Party/Independent Body","Office/Position Title","District Key","VoteFor","Unit Name","Tally","82","063","Bronx","IN-PLAY","General Election 2020 - 11/03/2020",,"State Senator","34",1,"Antonio Vitiello (Conservative)",19
"AD","ED","County","EDAD Status","Event","Party/Independent Body","Office/Position Title","District Key","VoteFor","Unit Name","Tally","82","063","Bronx","IN-PLAY","General Election 2020 - 11/03/2020",,"State Senator","34",1,"Alessandra Biaggi (Working Families)",20
"AD","ED","County","EDAD Status","Event","Party/Independent Body","Office/Position Title","District Key","VoteFor","Unit Name","Tally","82","063","Bronx","IN-PLAY","General Election 2020 - 11/03/2020",,"State Senator","34",1,"Scattered",1
"AD","ED","County","EDAD Status","Event","Party/Independent Body","Office/Position Title","District Key","VoteFor","Unit Name","Tally","82","064","Bronx","IN-PLAY","General Election 2020 - 11/03/2020",,"State Senator","34",1,"Public Counter",538
"AD","ED","County","EDAD Status","Event","Party/Independent Body","Office/Position Title","District Key","VoteFor","Unit Name","Tally","82","064","Bronx","IN-PLAY","General Election 2020 - 11/03/2020",,"State Senator","34",1,"Manually Counted Emergency",0
"AD","ED","County","EDAD Status","Event","Party/Independent Body","Office/Position Title","District Key","VoteFor","Unit Name","Tally","82","064","Bronx","IN-PLAY","General Election 2020 - 11/03/2020",,"State Senator","34",1,"Absentee / Military",90
"AD","ED","County","EDAD Status","Event","Party/Independent Body","Office/Position Title","District Key","VoteFor","Unit Name","Tally","82","064","Bronx","IN-PLAY","General Election 2020 - 11/03/2020",,"State Senator","34",1,"Federal",0
"AD","ED","County","EDAD Status","Event","Party/Independent Body","Office/Position Title","District Key","VoteFor","Unit Name","Tally","82","064","Bronx","IN-PLAY","General Election 2020 - 11/03/2020",,"State Senator","34",1,"Special Presidential",0
"AD","ED","County","EDAD Status","Event","Party/Independent Body","Office/Position Title","District Key","VoteFor","Unit Name","Tally","82","064","Bronx","IN-PLAY","General Election 2020 - 11/03/2020",,"State Senator","34",1,"Affidavit",5
"AD","ED","County","EDAD Status","Event","Party/Independent Body","Office/Position Title","District Key","VoteFor","Unit Name","Tally","82","064","Bronx","IN-PLAY","General Election 2020 - 11/03/2020",,"State Senator","34",1,"Alessandra Biaggi (Democratic)",476
"AD","ED","County","EDAD Status","Event","Party/Independent Body","Office/Position Title","District Key","VoteFor","Unit Name","Tally","82","064","Bronx","IN-PLAY","General Election 2020 - 11/03/2020",,"State Senator","34",1,"James B. Gisondi (Republican)",93
"AD","ED","County","EDAD Status","Event","Party/Independent Body","Office/Position Title","District Key","VoteFor","Unit Name","Tally","82","064","Bronx","IN-PLAY","General Election 2020 - 11/03/2020",,"State Senator","34",1,"Antonio Vitiello (Conservative)",14
"AD","ED","County","EDAD Status","Event","Party/Independent Body","Office/Position Title","District Key","VoteFor","Unit Name","Tally","82","064","Bronx","IN-PLAY","General Election 2020 - 11/03/2020",,"State Senator","34",1,"Alessandra Biaggi (Working Families)",34
"AD","ED","County","EDAD Status","Event","Party/Independent Body","Office/Position Title","District Key","VoteFor","Unit Name","Tally","82","106","Bronx","IN-PLAY","General Election 2020 - 11/03/2020",,"State Senator","34",1,"Public Counter",2
"AD","ED","County","EDAD Status","Event","Party/Independent Body","Office/Position Title","District Key","VoteFor","Unit Name","Tally","82","106","Bronx","IN-PLAY","General Election 2020 - 11/03/2020",,"State Senator","34",1,"Manually Counted Emergency",0
"AD","ED","County","EDAD Status","Event","Party/Independent Body","Office/Position Title","District Key","VoteFor","Unit Name","Tally","82","106","Bronx","IN-PLAY","General Election 2020 - 11/03/2020",,"State Senator","34",1,"Absentee / Military",1
"AD","ED","County","EDAD Status","Event","Party/Independent Body","Office/Position Title","District Key","VoteFor","Unit Name","Tally","82","106","Bronx","IN-PLAY","General Election 2020 - 11/03/2020",,"State Senator","34",1,"Federal",0
"AD","ED","County","EDAD Status","Event","Party/Independent Body","Office/Position Title","District Key","VoteFor","Unit Name","Tally","82","106","Bronx","IN-PLAY","General Election 2020 - 11/03/2020",,"State Senator","34",1,"Special Presidential",0
"AD","ED","County","EDAD Status","Event","Party/Independent Body","Office/Position Title","District Key","VoteFor","Unit Name","Tally","82","106","Bronx","IN-PLAY","General Election 2020 - 11/03/2020",,"State Senator","34",1,"Affidavit",0
"AD","ED","County","EDAD Status","Event","Party/Independent Body","Office/Position Title","District Key","VoteFor","Unit Name","Tally","82","106","Bronx","IN-PLAY","General Election 2020 - 11/03/2020",,"State Senator","34",1,"Alessandra Biaggi (Democratic)",1
"AD","ED","County","EDAD Status","Event","Party/Independent Body","Office/Position Title","District Key","VoteFor","Unit Name","Tally","82","106","Bronx","IN-PLAY","General Election 2020 - 11/03/2020",,"State Senator","34",1,"James B. Gisondi (Republican)",1
"AD","ED","County","EDAD Status","Event","Party/Independent Body","Office/Position Title","District Key","VoteFor","Unit Name","Tally","82","106","Bronx","IN-PLAY","General Election 2020 - 11/03/2020",,"State Senator","34",1,"Antonio Vitiello (Conservative)",0
"AD","ED","County","EDAD Status","Event","Party/Independent Body","Office/Position Title","District Key","VoteFor","Unit Name","Tally","82","106","Bronx","IN-PLAY","General Election 2020 - 11/03/2020",,"State Senator","34",1,"Alessandra Biaggi (Working Families)",1
"AD","ED","County","EDAD Status","Event","Party/Independent Body","Office/Position Title","District Key","VoteFor","Unit Name","Tally","82","107","Bronx","IN-PLAY","General Election 2020 - 11/03/2020",,"State Senator","34",1,"Public Counter",210
"AD","ED","County","EDAD Status","Event","Party/Independent Body","Office/Position Title","District Key","VoteFor","Unit Name","Tally","82","107","Bronx","IN-PLAY","General Election 2020 - 11/03/2020",,"State Senator","34",1,"Manually Counted Emergency",0
"AD","ED","County","EDAD Status","Event","Party/Independent Body","Office/Position Title","District Key","VoteFor","Unit Name","Tally","82","107","Bronx","IN-PLAY","General Election 2020 - 11/03/2020",,"State Senator","34",1,"Absentee / Military",61
"AD","ED","County","EDAD Status","Event","Party/Independent Body","Office/Position Title","District Key","VoteFor","Unit Name","Tally","82","107","Bronx","IN-PLAY","General Election 2020 - 11/03/2020",,"State Senator","34",1,"Federal",0
"AD","ED","County","EDAD Status","Event","Party/Independent Body","Office/Position Title","District Key","VoteFor","Unit Name","Tally","82","107","Bronx","IN-PLAY","General Election 2020 - 11/03/2020",,"State Senator","34",1,"Special Presidential",0
"AD","ED","County","EDAD Status","Event","Party/Independent Body","Office/Position Title","District Key","VoteFor","Unit Name","Tally","82","107","Bronx","IN-PLAY","General Election 2020 - 11/03/2020",,"State Senator","34",1,"Affidavit",4
"AD","ED","County","EDAD Status","Event","Party/Independent Body","Office/Position Title","District Key","VoteFor","Unit Name","Tally","82","107","Bronx","IN-PLAY","General Election 2020 - 11/03/2020",,"State Senator","34",1,"Alessandra Biaggi (Democratic)",157
"AD","ED","County","EDAD Status","Event","Party/Independent Body","Office/Position Title","District Key","VoteFor","Unit Name","Tally","82","107","Bronx","IN-PLAY","General Election 2020 - 11/03/2020",,"State Senator","34",1,"James B. Gisondi (Republican)",78
"AD","ED","County","EDAD Status","Event","Party/Independent Body","Office/Position Title","District Key","VoteFor","Unit Name","Tally","82","107","Bronx","IN-PLAY","General Election 2020 - 11/03/2020",,"State Senator","34",1,"Antonio Vitiello (Conservative)",13
"AD","ED","County","EDAD Status","Event","Party/Independent Body","Office/Position Title","District Key","VoteFor","Unit Name","Tally","82","107","Bronx","IN-PLAY","General Election 2020 - 11/03/2020",,"State Senator","34",1,"Alessandra Biaggi (Working Families)",12
"AD","ED","County","EDAD Status","Event","Party/Independent Body","Office/Position Title","District Key","VoteFor","Unit Name","Tally","82","107","Bronx","IN-PLAY","General Election 2020 - 11/03/2020",,"State Senator","34",1,"Scattered",1
"AD","ED","County","EDAD Status","Event","Party/Independent Body","Office/Position Title","District Key","VoteFor","Unit Name","Tally","82","108","Bronx","IN-PLAY","General Election 2020 - 11/03/2020",,"State Senator","34",1,"Public Counter",0
"AD","ED","County","EDAD Status","Event","Party/Independent Body","Office/Position Title","District Key","VoteFor","Unit Name","Tally","82","108","Bronx","IN-PLAY","General Election 2020 - 11/03/2020",,"State Senator","34",1,"Manually Counted Emergency",0
"AD","ED","County","EDAD Status","Event","Party/Independent Body","Office/Position Title","District Key","VoteFor","Unit Name","Tally","82","108","Bronx","IN-PLAY","General Election 2020 - 11/03/2020",,"State Senator","34",1,"Absentee / Military",2
"AD","ED","County","EDAD Status","Event","Party/Independent Body","Office/Position Title","District Key","VoteFor","Unit Name","Tally","82","108","Bronx","IN-PLAY","General Election 2020 - 11/03/2020",,"State Senator","34",1,"Federal",0
"AD","ED","County","EDAD Status","Event","Party/Independent Body","Office/Position Title","District Key","VoteFor","Unit Name","Tally","82","108","Bronx","IN-PLAY","General Election 2020 - 11/03/2020",,"State Senator","34",1,"Special Presidential",0
"AD","ED","County","EDAD Status","Event","Party/Independent Body","Office/Position Title","District Key","VoteFor","Unit Name","Tally","82","108","Bronx","IN-PLAY","General Election 2020 - 11/03/2020",,"State Senator","34",1,"Affidavit",0
"AD","ED","County","EDAD Status","Event","Party/Independent Body","Office/Position Title","District Key","VoteFor","Unit Name","Tally","82","108","Bronx","IN-PLAY","General Election 2020 - 11/03/2020",,"State Senator","34",1,"Alessandra Biaggi (Democratic)",2
"AD","ED","County","EDAD Status","Event","Party/Independent Body","Office/Position Title","District Key","VoteFor","Unit Name","Tally","82","108","Bronx","IN-PLAY","General Election 2020 - 11/03/2020",,"State Senator","34",1,"James B. Gisondi (Republican)",0
"AD","ED","County","EDAD Status","Event","Party/Independent Body","Office/Position Title","District Key","VoteFor","Unit Name","Tally","82","108","Bronx","IN-PLAY","General Election 2020 - 11/03/2020",,"State Senator","34",1,"Antonio Vitiello (Conservative)",0
"AD","ED","County","EDAD Status","Event","Party/Independent Body","Office/Position Title","District Key","VoteFor","Unit Name","Tally","82","108","Bronx","IN-PLAY","General Election 2020 - 11/03/2020",,"State Senator","34",1,"Alessandra Biaggi (Working Families)",0
"AD","ED","County","EDAD Status","Event","Party/Independent Body","Office/Position Title","District Key","VoteFor","Unit Name","Tally","82","112","Bronx","COMBINED INTO 107/82","General Election 2020 - 11/03/2020",,"State Senator","34",1,"Public Counter",0
"AD","ED","County","EDAD Status","Event","Party/Independent Body","Office/Position Title","District Key","VoteFor","Unit Name","Tally","82","112","Bronx","COMBINED INTO 107/82","General Election 2020 - 11/03/2020",,"State Senator","34",1,"Manually Counted Emergency",0
"AD","ED","County","EDAD Status","Event","Party/Independent Body","Office/Position Title","District Key","VoteFor","Unit Name","Tally","82","112","Bronx","COMBINED INTO 107/82","General Election 2020 - 11/03/2020",,"State Senator","34",1,"Absentee / Military",0
"AD","ED","County","EDAD Status","Event","Party/Independent Body","Office/Position Title","District Key","VoteFor","Unit Name","Tally","82","112","Bronx","COMBINED INTO 107/82","General Election 2020 - 11/03/2020",,"State Senator","34",1,"Federal",0
"AD","ED","County","EDAD Status","Event","Party/Independent Body","Office/Position Title","District Key","VoteFor","Unit Name","Tally","82","112","Bronx","COMBINED INTO 107/82","General Election 2020 - 11/03/2020",,"State Senator","34",1,"Special Presidential",0
"AD","ED","County","EDAD Status","Event","Party/Independent Body","Office/Position Title","District Key","VoteFor","Unit Name","Tally","82","112","Bronx","COMBINED INTO 107/82","General Election 2020 - 11/03/2020",,"State Senator","34",1,"Affidavit",0
"AD","ED","County","EDAD Status","Event","Party/Independent Body","Office/Position Title","District Key","VoteFor","Unit Name","Tally","82","114","Bronx","COMBINED INTO 107/82","General Election 2020 - 11/03/2020",,"State Senator","34",1,"Public Counter",0
"AD","ED","County","EDAD Status","Event","Party/Independent Body","Office/Position Title","District Key","VoteFor","Unit Name","Tally","82","114","Bronx","COMBINED INTO 107/82","General Election 2020 - 11/03/2020",,"State Senator","34",1,"Manually Counted Emergency",0
"AD","ED","County","EDAD Status","Event","Party/Independent Body","Office/Position Title","District Key","VoteFor","Unit Name","Tally","82","114","Bronx","COMBINED INTO 107/82","General Election 2020 - 11/03/2020",,"State Senator","34",1,"Absentee / Military",0
"AD","ED","County","EDAD Status","Event","Party/Independent Body","Office/Position Title","District Key","VoteFor","Unit Name","Tally","82","114","Bronx","COMBINED INTO 107/82","General Election 2020 - 11/03/2020",,"State Senator","34",1,"Federal",0
"AD","ED","County","EDAD Status","Event","Party/Independent Body","Office/Position Title","District Key","VoteFor","Unit Name","Tally","82","114","Bronx","COMBINED INTO 107/82","General Election 2020 - 11/03/2020",,"State Senator","34",1,"Special Presidential",0
"AD","ED","County","EDAD Status","Event","Party/Independent Body","Office/Position Title","District Key","VoteFor","Unit Name","Tally","82","114","Bronx","COMBINED INTO 107/82","General Election 2020 - 11/03/2020",,"State Senator","34",1,"Affidavit",0
"AD","ED","County","EDAD Status","Event","Party/Independent Body","Office/Position Title","District Key","VoteFor","Unit Name","Tally","82","115","Bronx","IN-PLAY","General Election 2020 - 11/03/2020",,"State Senator","34",1,"Public Counter",0
"AD","ED","County","EDAD Status","Event","Party/Independent Body","Office/Position Title","District Key","VoteFor","Unit Name","Tally","82","115","Bronx","IN-PLAY","General Election 2020 - 11/03/2020",,"State Senator","34",1,"Manually Counted Emergency",0
"AD","ED","County","EDAD Status","Event","Party/Independent Body","Office/Position Title","District Key","VoteFor","Unit Name","Tally","82","115","Bronx","IN-PLAY","General Election 2020 - 11/03/2020",,"State Senator","34",1,"Absentee / Military",0
"AD","ED","County","EDAD Status","Event","Party/Independent Body","Office/Position Title","District Key","VoteFor","Unit Name","Tally","82","115","Bronx","IN-PLAY","General Election 2020 - 11/03/2020",,"State Senator","34",1,"Federal",0
"AD","ED","County","EDAD Status","Event","Party/Independent Body","Office/Position Title","District Key","VoteFor","Unit Name","Tally","82","115","Bronx","IN-PLAY","General Election 2020 - 11/03/2020",,"State Senator","34",1,"Special Presidential",0
"AD","ED","County","EDAD Status","Event","Party/Independent Body","Office/Position Title","District Key","VoteFor","Unit Name","Tally","82","115","Bronx","IN-PLAY","General Election 2020 - 11/03/2020",,"State Senator","34",1,"Affidavit",0
"AD","ED","County","EDAD Status","Event","Party/Independent Body","Office/Position Title","District Key","VoteFor","Unit Name","Tally","82","115","Bronx","IN-PLAY","General Election 2020 - 11/03/2020",,"State Senator","34",1,"Alessandra Biaggi (Democratic)",0
"AD","ED","County","EDAD Status","Event","Party/Independent Body","Office/Position Title","District Key","VoteFor","Unit Name","Tally","82","115","Bronx","IN-PLAY","General Election 2020 - 11/03/2020",,"State Senator","34",1,"James B. Gisondi (Republican)",0
"AD","ED","County","EDAD Status","Event","Party/Independent Body","Office/Position Title","District Key","VoteFor","Unit Name","Tally","82","115","Bronx","IN-PLAY","General Election 2020 - 11/03/2020",,"State Senator","34",1,"Antonio Vitiello (Conservative)",0
"AD","ED","County","EDAD Status","Event","Party/Independent Body","Office/Position Title","District Key","VoteFor","Unit Name","Tally","82","115","Bronx","IN-PLAY","General Election 2020 - 11/03/2020",,"State Senator","34",1,"Alessandra Biaggi (Working Families)",0
"AD","ED","County","EDAD Status","Event","Party/Independent Body","Office/Position Title","District Key","VoteFor","Unit Name","Tally","82","117","Bronx","IN-PLAY","General Election 2020 - 11/03/2020",,"State Senator","34",1,"Public Counter",0
"AD","ED","County","EDAD Status","Event","Party/Independent Body","Office/Position Title","District Key","VoteFor","Unit Name","Tally","82","117","Bronx","IN-PLAY","General Election 2020 - 11/03/2020",,"State Senator","34",1,"Manually Counted Emergency",0
"AD","ED","County","EDAD Status","Event","Party/Independent Body","Office/Position Title","District Key","VoteFor","Unit Name","Tally","82","117","Bronx","IN-PLAY","General Election 2020 - 11/03/2020",,"State Senator","34",1,"Absentee / Military",0
"AD","ED","County","EDAD Status","Event","Party/Independent Body","Office/Position Title","District Key","VoteFor","Unit Name","Tally","82","117","Bronx","IN-PLAY","General Election 2020 - 11/03/2020",,"State Senator","34",1,"Federal",0
"AD","ED","County","EDAD Status","Event","Party/Independent Body","Office/Position Title","District Key","VoteFor","Unit Name","Tally","82","117","Bronx","IN-PLAY","General Election 2020 - 11/03/2020",,"State Senator","34",1,"Special Presidential",0
"AD","ED","County","EDAD Status","Event","Party/Independent Body","Office/Position Title","District Key","VoteFor","Unit Name","Tally","82","117","Bronx","IN-PLAY","General Election 2020 - 11/03/2020",,"State Senator","34",1,"Affidavit",0
"AD","ED","County","EDAD Status","Event","Party/Independent Body","Office/Position Title","District Key","VoteFor","Unit Name","Tally","82","117","Bronx","IN-PLAY","General Election 2020 - 11/03/2020",,"State Senator","34",1,"Alessandra Biaggi (Democratic)",0
"AD","ED","County","EDAD Status","Event","Party/Independent Body","Office/Position Title","District Key","VoteFor","Unit Name","Tally","82","117","Bronx","IN-PLAY","General Election 2020 - 11/03/2020",,"State Senator","34",1,"James B. Gisondi (Republican)",0
"AD","ED","County","EDAD Status","Event","Party/Independent Body","Office/Position Title","District Key","VoteFor","Unit Name","Tally","82","117","Bronx","IN-PLAY","General Election 2020 - 11/03/2020",,"State Senator","34",1,"Antonio Vitiello (Conservative)",0
"AD","ED","County","EDAD Status","Event","Party/Independent Body","Office/Position Title","District Key","VoteFor","Unit Name","Tally","82","117","Bronx","IN-PLAY","General Election 2020 - 11/03/2020",,"State Senator","34",1,"Alessandra Biaggi (Working Families)",0
"AD","ED","County","EDAD Status","Event","Party/Independent Body","Office/Position Title","District Key","VoteFor","Unit Name","Tally","82","118","Bronx","COMBINED INTO 117/82","General Election 2020 - 11/03/2020",,"State Senator","34",1,"Public Counter",0
"AD","ED","County","EDAD Status","Event","Party/Independent Body","Office/Position Title","District Key","VoteFor","Unit Name","Tally","82","118","Bronx","COMBINED INTO 117/82","General Election 2020 - 11/03/2020",,"State Senator","34",1,"Manually Counted Emergency",0
"AD","ED","County","EDAD Status","Event","Party/Independent Body","Office/Position Title","District Key","VoteFor","Unit Name","Tally","82","118","Bronx","COMBINED INTO 117/82","General Election 2020 - 11/03/2020",,"State Senator","34",1,"Absentee / Military",0
"AD","ED","County","EDAD Status","Event","Party/Independent Body","Office/Position Title","District Key","VoteFor","Unit Name","Tally","82","118","Bronx","COMBINED INTO 117/82","General Election 2020 - 11/03/2020",,"State Senator","34",1,"Federal",0
"AD","ED","County","EDAD Status","Event","Party/Independent Body","Office/Position Title","District Key","VoteFor","Unit Name","Tally","82","118","Bronx","COMBINED INTO 117/82","General Election 2020 - 11/03/2020",,"State Senator","34",1,"Special Presidential",0
"AD","ED","County","EDAD Status","Event","Party/Independent Body","Office/Position Title","District Key","VoteFor","Unit Name","Tally","82","118","Bronx","COMBINED INTO 117/82","General Election 2020 - 11/03/2020",,"State Senator","34",1,"Affidavit",0
"AD","ED","County","EDAD Status","Event","Party/Independent Body","Office/Position Title","District Key","VoteFor","Unit Name","Tally","82","119","Bronx","IN-PLAY","General Election 2020 - 11/03/2020",,"State Senator","34",1,"Public Counter",372
"AD","ED","County","EDAD Status","Event","Party/Independent Body","Office/Position Title","District Key","VoteFor","Unit Name","Tally","82","119","Bronx","IN-PLAY","General Election 2020 - 11/03/2020",,"State Senator","34",1,"Manually Counted Emergency",0
"AD","ED","County","EDAD Status","Event","Party/Independent Body","Office/Position Title","District Key","VoteFor","Unit Name","Tally","82","119","Bronx","IN-PLAY","General Election 2020 - 11/03/2020",,"State Senator","34",1,"Absentee / Military",99
"AD","ED","County","EDAD Status","Event","Party/Independent Body","Office/Position Title","District Key","VoteFor","Unit Name","Tally","82","119","Bronx","IN-PLAY","General Election 2020 - 11/03/2020",,"State Senator","34",1,"Federal",4
"AD","ED","County","EDAD Status","Event","Party/Independent Body","Office/Position Title","District Key","VoteFor","Unit Name","Tally","82","119","Bronx","IN-PLAY","General Election 2020 - 11/03/2020",,"State Senator","34",1,"Special Presidential",0
"AD","ED","County","EDAD Status","Event","Party/Independent Body","Office/Position Title","District Key","VoteFor","Unit Name","Tally","82","119","Bronx","IN-PLAY","General Election 2020 - 11/03/2020",,"State Senator","34",1,"Affidavit",5
"AD","ED","County","EDAD Status","Event","Party/Independent Body","Office/Position Title","District Key","VoteFor","Unit Name","Tally","82","119","Bronx","IN-PLAY","General Election 2020 - 11/03/2020",,"State Senator","34",1,"Alessandra Biaggi (Democratic)",244
"AD","ED","County","EDAD Status","Event","Party/Independent Body","Office/Position Title","District Key","VoteFor","Unit Name","Tally","82","119","Bronx","IN-PLAY","General Election 2020 - 11/03/2020",,"State Senator","34",1,"James B. Gisondi (Republican)",157
"AD","ED","County","EDAD Status","Event","Party/Independent Body","Office/Position Title","District Key","VoteFor","Unit Name","Tally","82","119","Bronx","IN-PLAY","General Election 2020 - 11/03/2020",,"State Senator","34",1,"Antonio Vitiello (Conservative)",30
"AD","ED","County","EDAD Status","Event","Party/Independent Body","Office/Position Title","District Key","VoteFor","Unit Name","Tally","82","119","Bronx","IN-PLAY","General Election 2020 - 11/03/2020",,"State Senator","34",1,"Alessandra Biaggi (Working Families)",30
"AD","ED","County","EDAD Status","Event","Party/Independent Body","Office/Position Title","District Key","VoteFor","Unit Name","Tally","83","068","Bronx","IN-PLAY","General Election 2020 - 11/03/2020",,"State Senator","34",1,"Public Counter",5
"AD","ED","County","EDAD Status","Event","Party/Independent Body","Office/Position Title","District Key","VoteFor","Unit Name","Tally","83","068","Bronx","IN-PLAY","General Election 2020 - 11/03/2020",,"State Senator","34",1,"Manually Counted Emergency",0
"AD","ED","County","EDAD Status","Event","Party/Independent Body","Office/Position Title","District Key","VoteFor","Unit Name","Tally","83","068","Bronx","IN-PLAY","General Election 2020 - 11/03/2020",,"State Senator","34",1,"Absentee / Military",0
"AD","ED","County","EDAD Status","Event","Party/Independent Body","Office/Position Title","District Key","VoteFor","Unit Name","Tally","83","068","Bronx","IN-PLAY","General Election 2020 - 11/03/2020",,"State Senator","34",1,"Federal",0
"AD","ED","County","EDAD Status","Event","Party/Independent Body","Office/Position Title","District Key","VoteFor","Unit Name","Tally","83","068","Bronx","IN-PLAY","General Election 2020 - 11/03/2020",,"State Senator","34",1,"Special Presidential",0
"AD","ED","County","EDAD Status","Event","Party/Independent Body","Office/Position Title","District Key","VoteFor","Unit Name","Tally","83","068","Bronx","IN-PLAY","General Election 2020 - 11/03/2020",,"State Senator","34",1,"Affidavit",0
"AD","ED","County","EDAD Status","Event","Party/Independent Body","Office/Position Title","District Key","VoteFor","Unit Name","Tally","83","068","Bronx","IN-PLAY","General Election 2020 - 11/03/2020",,"State Senator","34",1,"Alessandra Biaggi (Democratic)",5
"AD","ED","County","EDAD Status","Event","Party/Independent Body","Office/Position Title","District Key","VoteFor","Unit Name","Tally","83","068","Bronx","IN-PLAY","General Election 2020 - 11/03/2020",,"State Senator","34",1,"James B. Gisondi (Republican)",0
"AD","ED","County","EDAD Status","Event","Party/Independent Body","Office/Position Title","District Key","VoteFor","Unit Name","Tally","83","068","Bronx","IN-PLAY","General Election 2020 - 11/03/2020",,"State Senator","34",1,"Antonio Vitiello (Conservative)",0
"AD","ED","County","EDAD Status","Event","Party/Independent Body","Office/Position Title","District Key","VoteFor","Unit Name","Tally","83","068","Bronx","IN-PLAY","General Election 2020 - 11/03/2020",,"State Senator","34",1,"Alessandra Biaggi (Working Families)",0
"AD","ED","County","EDAD Status","Event","Party/Independent Body","Office/Position Title","District Key","VoteFor","Unit Name","Tally","83","087","Bronx","COMBINED INTO 068/83","General Election 2020 - 11/03/2020",,"State Senator","34",1,"Public Counter",0
"AD","ED","County","EDAD Status","Event","Party/Independent Body","Office/Position Title","District Key","VoteFor","Unit Name","Tally","83","087","Bronx","COMBINED INTO 068/83","General Election 2020 - 11/03/2020",,"State Senator","34",1,"Manually Counted Emergency",0
"AD","ED","County","EDAD Status","Event","Party/Independent Body","Office/Position Title","District Key","VoteFor","Unit Name","Tally","83","087","Bronx","COMBINED INTO 068/83","General Election 2020 - 11/03/2020",,"State Senator","34",1,"Absentee / Military",0
"AD","ED","County","EDAD Status","Event","Party/Independent Body","Office/Position Title","District Key","VoteFor","Unit Name","Tally","83","087","Bronx","COMBINED INTO 068/83","General Election 2020 - 11/03/2020",,"State Senator","34",1,"Federal",0
"AD","ED","County","EDAD Status","Event","Party/Independent Body","Office/Position Title","District Key","VoteFor","Unit Name","Tally","83","087","Bronx","COMBINED INTO 068/83","General Election 2020 - 11/03/2020",,"State Senator","34",1,"Special Presidential",0
"AD","ED","County","EDAD Status","Event","Party/Independent Body","Office/Position Title","District Key","VoteFor","Unit Name","Tally","83","087","Bronx","COMBINED INTO 068/83","General Election 2020 - 11/03/2020",,"State Senator","34",1,"Affidavit",0
"AD","ED","County","EDAD Status","Event","Party/Independent Body","Office/Position Title","District Key","VoteFor","Unit Name","Tally","84","073","Bronx","IN-PLAY","General Election 2020 - 11/03/2020",,"State Senator","34",1,"Public Counter",123
"AD","ED","County","EDAD Status","Event","Party/Independent Body","Office/Position Title","District Key","VoteFor","Unit Name","Tally","84","073","Bronx","IN-PLAY","General Election 2020 - 11/03/2020",,"State Senator","34",1,"Manually Counted Emergency",0
"AD","ED","County","EDAD Status","Event","Party/Independent Body","Office/Position Title","District Key","VoteFor","Unit Name","Tally","84","073","Bronx","IN-PLAY","General Election 2020 - 11/03/2020",,"State Senator","34",1,"Absentee / Military",17
"AD","ED","County","EDAD Status","Event","Party/Independent Body","Office/Position Title","District Key","VoteFor","Unit Name","Tally","84","073","Bronx","IN-PLAY","General Election 2020 - 11/03/2020",,"State Senator","34",1,"Federal",0
"AD","ED","County","EDAD Status","Event","Party/Independent Body","Office/Position Title","District Key","VoteFor","Unit Name","Tally","84","073","Bronx","IN-PLAY","General Election 2020 - 11/03/2020",,"State Senator","34",1,"Special Presidential",0
"AD","ED","County","EDAD Status","Event","Party/Independent Body","Office/Position Title","District Key","VoteFor","Unit Name","Tally","84","073","Bronx","IN-PLAY","General Election 2020 - 11/03/2020",,"State Senator","34",1,"Affidavit",3
"AD","ED","County","EDAD Status","Event","Party/Independent Body","Office/Position Title","District Key","VoteFor","Unit Name","Tally","84","073","Bronx","IN-PLAY","General Election 2020 - 11/03/2020",,"State Senator","34",1,"Alessandra Biaggi (Democratic)",118
"AD","ED","County","EDAD Status","Event","Party/Independent Body","Office/Position Title","District Key","VoteFor","Unit Name","Tally","84","073","Bronx","IN-PLAY","General Election 2020 - 11/03/2020",,"State Senator","34",1,"James B. Gisondi (Republican)",7
"AD","ED","County","EDAD Status","Event","Party/Independent Body","Office/Position Title","District Key","VoteFor","Unit Name","Tally","84","073","Bronx","IN-PLAY","General Election 2020 - 11/03/2020",,"State Senator","34",1,"Antonio Vitiello (Conservative)",3
"AD","ED","County","EDAD Status","Event","Party/Independent Body","Office/Position Title","District Key","VoteFor","Unit Name","Tally","84","073","Bronx","IN-PLAY","General Election 2020 - 11/03/2020",,"State Senator","34",1,"Alessandra Biaggi (Working Families)",6
"AD","ED","County","EDAD Status","Event","Party/Independent Body","Office/Position Title","District Key","VoteFor","Unit Name","Tally","84","073","Bronx","IN-PLAY","General Election 2020 - 11/03/2020",,"State Senator","34",1,"Scattered",1
"AD","ED","County","EDAD Status","Event","Party/Independent Body","Office/Position Title","District Key","VoteFor","Unit Name","Tally","84","077","Bronx","IN-PLAY","General Election 2020 - 11/03/2020",,"State Senator","34",1,"Public Counter",363
"AD","ED","County","EDAD Status","Event","Party/Independent Body","Office/Position Title","District Key","VoteFor","Unit Name","Tally","84","077","Bronx","IN-PLAY","General Election 2020 - 11/03/2020",,"State Senator","34",1,"Manually Counted Emergency",0
"AD","ED","County","EDAD Status","Event","Party/Independent Body","Office/Position Title","District Key","VoteFor","Unit Name","Tally","84","077","Bronx","IN-PLAY","General Election 2020 - 11/03/2020",,"State Senator","34",1,"Absentee / Military",41
"AD","ED","County","EDAD Status","Event","Party/Independent Body","Office/Position Title","District Key","VoteFor","Unit Name","Tally","84","077","Bronx","IN-PLAY","General Election 2020 - 11/03/2020",,"State Senator","34",1,"Federal",0
"AD","ED","County","EDAD Status","Event","Party/Independent Body","Office/Position Title","District Key","VoteFor","Unit Name","Tally","84","077","Bronx","IN-PLAY","General Election 2020 - 11/03/2020",,"State Senator","34",1,"Special Presidential",0
"AD","ED","County","EDAD Status","Event","Party/Independent Body","Office/Position Title","District Key","VoteFor","Unit Name","Tally","84","077","Bronx","IN-PLAY","General Election 2020 - 11/03/2020",,"State Senator","34",1,"Affidavit",6
"AD","ED","County","EDAD Status","Event","Party/Independent Body","Office/Position Title","District Key","VoteFor","Unit Name","Tally","84","077","Bronx","IN-PLAY","General Election 2020 - 11/03/2020",,"State Senator","34",1,"Alessandra Biaggi (Democratic)",332
"AD","ED","County","EDAD Status","Event","Party/Independent Body","Office/Position Title","District Key","VoteFor","Unit Name","Tally","84","077","Bronx","IN-PLAY","General Election 2020 - 11/03/2020",,"State Senator","34",1,"James B. Gisondi (Republican)",36
"AD","ED","County","EDAD Status","Event","Party/Independent Body","Office/Position Title","District Key","VoteFor","Unit Name","Tally","84","077","Bronx","IN-PLAY","General Election 2020 - 11/03/2020",,"State Senator","34",1,"Antonio Vitiello (Conservative)",2
"AD","ED","County","EDAD Status","Event","Party/Independent Body","Office/Position Title","District Key","VoteFor","Unit Name","Tally","84","077","Bronx","IN-PLAY","General Election 2020 - 11/03/2020",,"State Senator","34",1,"Alessandra Biaggi (Working Families)",13
"AD","ED","County","EDAD Status","Event","Party/Independent Body","Office/Position Title","District Key","VoteFor","Unit Name","Tally","85","001","Bronx","IN-PLAY","General Election 2020 - 11/03/2020",,"State Senator","34",1,"Public Counter",646
"AD","ED","County","EDAD Status","Event","Party/Independent Body","Office/Position Title","District Key","VoteFor","Unit Name","Tally","85","001","Bronx","IN-PLAY","General Election 2020 - 11/03/2020",,"State Senator","34",1,"Manually Counted Emergency",0
"AD","ED","County","EDAD Status","Event","Party/Independent Body","Office/Position Title","District Key","VoteFor","Unit Name","Tally","85","001","Bronx","IN-PLAY","General Election 2020 - 11/03/2020",,"State Senator","34",1,"Absentee / Military",112
"AD","ED","County","EDAD Status","Event","Party/Independent Body","Office/Position Title","District Key","VoteFor","Unit Name","Tally","85","001","Bronx","IN-PLAY","General Election 2020 - 11/03/2020",,"State Senator","34",1,"Federal",0
"AD","ED","County","EDAD Status","Event","Party/Independent Body","Office/Position Title","District Key","VoteFor","Unit Name","Tally","85","001","Bronx","IN-PLAY","General Election 2020 - 11/03/2020",,"State Senator","34",1,"Special Presidential",0
"AD","ED","County","EDAD Status","Event","Party/Independent Body","Office/Position Title","District Key","VoteFor","Unit Name","Tally","85","001","Bronx","IN-PLAY","General Election 2020 - 11/03/2020",,"State Senator","34",1,"Affidavit",7
"AD","ED","County","EDAD Status","Event","Party/Independent Body","Office/Position Title","District Key","VoteFor","Unit Name","Tally","85","001","Bronx","IN-PLAY","General Election 2020 - 11/03/2020",,"State Senator","34",1,"Alessandra Biaggi (Democratic)",653
"AD","ED","County","EDAD Status","Event","Party/Independent Body","Office/Position Title","District Key","VoteFor","Unit Name","Tally","85","001","Bronx","IN-PLAY","General Election 2020 - 11/03/2020",,"State Senator","34",1,"James B. Gisondi (Republican)",44
"AD","ED","County","EDAD Status","Event","Party/Independent Body","Office/Position Title","District Key","VoteFor","Unit Name","Tally","85","001","Bronx","IN-PLAY","General Election 2020 - 11/03/2020",,"State Senator","34",1,"Antonio Vitiello (Conservative)",13
"AD","ED","County","EDAD Status","Event","Party/Independent Body","Office/Position Title","District Key","VoteFor","Unit Name","Tally","85","001","Bronx","IN-PLAY","General Election 2020 - 11/03/2020",,"State Senator","34",1,"Alessandra Biaggi (Working Families)",31
"AD","ED","County","EDAD Status","Event","Party/Independent Body","Office/Position Title","District Key","VoteFor","Unit Name","Tally","85","002","Bronx","IN-PLAY","General Election 2020 - 11/03/2020",,"State Senator","34",1,"Public Counter",505
"AD","ED","County","EDAD Status","Event","Party/Independent Body","Office/Position Title","District Key","VoteFor","Unit Name","Tally","85","002","Bronx","IN-PLAY","General Election 2020 - 11/03/2020",,"State Senator","34",1,"Manually Counted Emergency",0
"AD","ED","County","EDAD Status","Event","Party/Independent Body","Office/Position Title","District Key","VoteFor","Unit Name","Tally","85","002","Bronx","IN-PLAY","General Election 2020 - 11/03/2020",,"State Senator","34",1,"Absentee / Military",105
"AD","ED","County","EDAD Status","Event","Party/Independent Body","Office/Position Title","District Key","VoteFor","Unit Name","Tally","85","002","Bronx","IN-PLAY","General Election 2020 - 11/03/2020",,"State Senator","34",1,"Federal",0
"AD","ED","County","EDAD Status","Event","Party/Independent Body","Office/Position Title","District Key","VoteFor","Unit Name","Tally","85","002","Bronx","IN-PLAY","General Election 2020 - 11/03/2020",,"State Senator","34",1,"Special Presidential",0
"AD","ED","County","EDAD Status","Event","Party/Independent Body","Office/Position Title","District Key","VoteFor","Unit Name","Tally","85","002","Bronx","IN-PLAY","General Election 2020 - 11/03/2020",,"State Senator","34",1,"Affidavit",14
"AD","ED","County","EDAD Status","Event","Party/Independent Body","Office/Position Title","District Key","VoteFor","Unit Name","Tally","85","002","Bronx","IN-PLAY","General Election 2020 - 11/03/2020",,"State Senator","34",1,"Alessandra Biaggi (Democratic)",476
"AD","ED","County","EDAD Status","Event","Party/Independent Body","Office/Position Title","District Key","VoteFor","Unit Name","Tally","85","002","Bronx","IN-PLAY","General Election 2020 - 11/03/2020",,"State Senator","34",1,"James B. Gisondi (Republican)",66
"AD","ED","County","EDAD Status","Event","Party/Independent Body","Office/Position Title","District Key","VoteFor","Unit Name","Tally","85","002","Bronx","IN-PLAY","General Election 2020 - 11/03/2020",,"State Senator","34",1,"Antonio Vitiello (Conservative)",17
"AD","ED","County","EDAD Status","Event","Party/Independent Body","Office/Position Title","District Key","VoteFor","Unit Name","Tally","85","002","Bronx","IN-PLAY","General Election 2020 - 11/03/2020",,"State Senator","34",1,"Alessandra Biaggi (Working Families)",37
"AD","ED","County","EDAD Status","Event","Party/Independent Body","Office/Position Title","District Key","VoteFor","Unit Name","Tally","85","003","Bronx","IN-PLAY","General Election 2020 - 11/03/2020",,"State Senator","34",1,"Public Counter",474
"AD","ED","County","EDAD Status","Event","Party/Independent Body","Office/Position Title","District Key","VoteFor","Unit Name","Tally","85","003","Bronx","IN-PLAY","General Election 2020 - 11/03/2020",,"State Senator","34",1,"Manually Counted Emergency",0
"AD","ED","County","EDAD Status","Event","Party/Independent Body","Office/Position Title","District Key","VoteFor","Unit Name","Tally","85","003","Bronx","IN-PLAY","General Election 2020 - 11/03/2020",,"State Senator","34",1,"Absentee / Military",81
"AD","ED","County","EDAD Status","Event","Party/Independent Body","Office/Position Title","District Key","VoteFor","Unit Name","Tally","85","003","Bronx","IN-PLAY","General Election 2020 - 11/03/2020",,"State Senator","34",1,"Federal",0
"AD","ED","County","EDAD Status","Event","Party/Independent Body","Office/Position Title","District Key","VoteFor","Unit Name","Tally","85","003","Bronx","IN-PLAY","General Election 2020 - 11/03/2020",,"State Senator","34",1,"Special Presidential",0
"AD","ED","County","EDAD Status","Event","Party/Independent Body","Office/Position Title","District Key","VoteFor","Unit Name","Tally","85","003","Bronx","IN-PLAY","General Election 2020 - 11/03/2020",,"State Senator","34",1,"Affidavit",3
"AD","ED","County","EDAD Status","Event","Party/Independent Body","Office/Position Title","District Key","VoteFor","Unit Name","Tally","85","003","Bronx","IN-PLAY","General Election 2020 - 11/03/2020",,"State Senator","34",1,"Alessandra Biaggi (Democratic)",429
"AD","ED","County","EDAD Status","Event","Party/Independent Body","Office/Position Title","District Key","VoteFor","Unit Name","Tally","85","003","Bronx","IN-PLAY","General Election 2020 - 11/03/2020",,"State Senator","34",1,"James B. Gisondi (Republican)",66
"AD","ED","County","EDAD Status","Event","Party/Independent Body","Office/Position Title","District Key","VoteFor","Unit Name","Tally","85","003","Bronx","IN-PLAY","General Election 2020 - 11/03/2020",,"State Senator","34",1,"Antonio Vitiello (Conservative)",14
"AD","ED","County","EDAD Status","Event","Party/Independent Body","Office/Position Title","District Key","VoteFor","Unit Name","Tally","85","003","Bronx","IN-PLAY","General Election 2020 - 11/03/2020",,"State Senator","34",1,"Alessandra Biaggi (Working Families)",26
"AD","ED","County","EDAD Status","Event","Party/Independent Body","Office/Position Title","District Key","VoteFor","Unit Name","Tally","85","004","Bronx","IN-PLAY","General Election 2020 - 11/03/2020",,"State Senator","34",1,"Public Counter",432
"AD","ED","County","EDAD Status","Event","Party/Independent Body","Office/Position Title","District Key","VoteFor","Unit Name","Tally","85","004","Bronx","IN-PLAY","General Election 2020 - 11/03/2020",,"State Senator","34",1,"Manually Counted Emergency",0
"AD","ED","County","EDAD Status","Event","Party/Independent Body","Office/Position Title","District Key","VoteFor","Unit Name","Tally","85","004","Bronx","IN-PLAY","General Election 2020 - 11/03/2020",,"State Senator","34",1,"Absentee / Military",66
"AD","ED","County","EDAD Status","Event","Party/Independent Body","Office/Position Title","District Key","VoteFor","Unit Name","Tally","85","004","Bronx","IN-PLAY","General Election 2020 - 11/03/2020",,"State Senator","34",1,"Federal",0
"AD","ED","County","EDAD Status","Event","Party/Independent Body","Office/Position Title","District Key","VoteFor","Unit Name","Tally","85","004","Bronx","IN-PLAY","General Election 2020 - 11/03/2020",,"State Senator","34",1,"Special Presidential",0
"AD","ED","County","EDAD Status","Event","Party/Independent Body","Office/Position Title","District Key","VoteFor","Unit Name","Tally","85","004","Bronx","IN-PLAY","General Election 2020 - 11/03/2020",,"State Senator","34",1,"Affidavit",9
"AD","ED","County","EDAD Status","Event","Party/Independent Body","Office/Position Title","District Key","VoteFor","Unit Name","Tally","85","004","Bronx","IN-PLAY","General Election 2020 - 11/03/2020",,"State Senator","34",1,"Alessandra Biaggi (Democratic)",402
"AD","ED","County","EDAD Status","Event","Party/Independent Body","Office/Position Title","District Key","VoteFor","Unit Name","Tally","85","004","Bronx","IN-PLAY","General Election 2020 - 11/03/2020",,"State Senator","34",1,"James B. Gisondi (Republican)",47
"AD","ED","County","EDAD Status","Event","Party/Independent Body","Office/Position Title","District Key","VoteFor","Unit Name","Tally","85","004","Bronx","IN-PLAY","General Election 2020 - 11/03/2020",,"State Senator","34",1,"Antonio Vitiello (Conservative)",11
"AD","ED","County","EDAD Status","Event","Party/Independent Body","Office/Position Title","District Key","VoteFor","Unit Name","Tally","85","004","Bronx","IN-PLAY","General Election 2020 - 11/03/2020",,"State Senator","34",1,"Alessandra Biaggi (Working Families)",17
"AD","ED","County","EDAD Status","Event","Party/Independent Body","Office/Position Title","District Key","VoteFor","Unit Name","Tally","85","004","Bronx","IN-PLAY","General Election 2020 - 11/03/2020",,"State Senator","34",1,"Scattered",1
"AD","ED","County","EDAD Status","Event","Party/Independent Body","Office/Position Title","District Key","VoteFor","Unit Name","Tally","85","005","Bronx","IN-PLAY","General Election 2020 - 11/03/2020",,"State Senator","34",1,"Public Counter",502
"AD","ED","County","EDAD Status","Event","Party/Independent Body","Office/Position Title","District Key","VoteFor","Unit Name","Tally","85","005","Bronx","IN-PLAY","General Election 2020 - 11/03/2020",,"State Senator","34",1,"Manually Counted Emergency",0
"AD","ED","County","EDAD Status","Event","Party/Independent Body","Office/Position Title","District Key","VoteFor","Unit Name","Tally","85","005","Bronx","IN-PLAY","General Election 2020 - 11/03/2020",,"State Senator","34",1,"Absentee / Military",103
"AD","ED","County","EDAD Status","Event","Party/Independent Body","Office/Position Title","District Key","VoteFor","Unit Name","Tally","85","005","Bronx","IN-PLAY","General Election 2020 - 11/03/2020",,"State Senator","34",1,"Federal",0
"AD","ED","County","EDAD Status","Event","Party/Independent Body","Office/Position Title","District Key","VoteFor","Unit Name","Tally","85","005","Bronx","IN-PLAY","General Election 2020 - 11/03/2020",,"State Senator","34",1,"Special Presidential",0
"AD","ED","County","EDAD Status","Event","Party/Independent Body","Office/Position Title","District Key","VoteFor","Unit Name","Tally","85","005","Bronx","IN-PLAY","General Election 2020 - 11/03/2020",,"State Senator","34",1,"Affidavit",6
"AD","ED","County","EDAD Status","Event","Party/Independent Body","Office/Position Title","District Key","VoteFor","Unit Name","Tally","85","005","Bronx","IN-PLAY","General Election 2020 - 11/03/2020",,"State Senator","34",1,"Alessandra Biaggi (Democratic)",476
"AD","ED","County","EDAD Status","Event","Party/Independent Body","Office/Position Title","District Key","VoteFor","Unit Name","Tally","85","005","Bronx","IN-PLAY","General Election 2020 - 11/03/2020",,"State Senator","34",1,"James B. Gisondi (Republican)",67
"AD","ED","County","EDAD Status","Event","Party/Independent Body","Office/Position Title","District Key","VoteFor","Unit Name","Tally","85","005","Bronx","IN-PLAY","General Election 2020 - 11/03/2020",,"State Senator","34",1,"Antonio Vitiello (Conservative)",5
"AD","ED","County","EDAD Status","Event","Party/Independent Body","Office/Position Title","District Key","VoteFor","Unit Name","Tally","85","005","Bronx","IN-PLAY","General Election 2020 - 11/03/2020",,"State Senator","34",1,"Alessandra Biaggi (Working Families)",39
"AD","ED","County","EDAD Status","Event","Party/Independent Body","Office/Position Title","District Key","VoteFor","Unit Name","Tally","85","006","Bronx","IN-PLAY","General Election 2020 - 11/03/2020",,"State Senator","34",1,"Public Counter",292
"AD","ED","County","EDAD Status","Event","Party/Independent Body","Office/Position Title","District Key","VoteFor","Unit Name","Tally","85","006","Bronx","IN-PLAY","General Election 2020 - 11/03/2020",,"State Senator","34",1,"Manually Counted Emergency",0
"AD","ED","County","EDAD Status","Event","Party/Independent Body","Office/Position Title","District Key","VoteFor","Unit Name","Tally","85","006","Bronx","IN-PLAY","General Election 2020 - 11/03/2020",,"State Senator","34",1,"Absentee / Military",62
"AD","ED","County","EDAD Status","Event","Party/Independent Body","Office/Position Title","District Key","VoteFor","Unit Name","Tally","85","006","Bronx","IN-PLAY","General Election 2020 - 11/03/2020",,"State Senator","34",1,"Federal",0
"AD","ED","County","EDAD Status","Event","Party/Independent Body","Office/Position Title","District Key","VoteFor","Unit Name","Tally","85","006","Bronx","IN-PLAY","General Election 2020 - 11/03/2020",,"State Senator","34",1,"Special Presidential",0
"AD","ED","County","EDAD Status","Event","Party/Independent Body","Office/Position Title","District Key","VoteFor","Unit Name","Tally","85","006","Bronx","IN-PLAY","General Election 2020 - 11/03/2020",,"State Senator","34",1,"Affidavit",1
"AD","ED","County","EDAD Status","Event","Party/Independent Body","Office/Position Title","District Key","VoteFor","Unit Name","Tally","85","006","Bronx","IN-PLAY","General Election 2020 - 11/03/2020",,"State Senator","34",1,"Alessandra Biaggi (Democratic)",256
"AD","ED","County","EDAD Status","Event","Party/Independent Body","Office/Position Title","District Key","VoteFor","Unit Name","Tally","85","006","Bronx","IN-PLAY","General Election 2020 - 11/03/2020",,"State Senator","34",1,"James B. Gisondi (Republican)",59
"AD","ED","County","EDAD Status","Event","Party/Independent Body","Office/Position Title","District Key","VoteFor","Unit Name","Tally","85","006","Bronx","IN-PLAY","General Election 2020 - 11/03/2020",,"State Senator","34",1,"Antonio Vitiello (Conservative)",5
"AD","ED","County","EDAD Status","Event","Party/Independent Body","Office/Position Title","District Key","VoteFor","Unit Name","Tally","85","006","Bronx","IN-PLAY","General Election 2020 - 11/03/2020",,"State Senator","34",1,"Alessandra Biaggi (Working Families)",19
"AD","ED","County","EDAD Status","Event","Party/Independent Body","Office/Position Title","District Key","VoteFor","Unit Name","Tally","85","007","Bronx","IN-PLAY","General Election 2020 - 11/03/2020",,"State Senator","34",1,"Public Counter",428
"AD","ED","County","EDAD Status","Event","Party/Independent Body","Office/Position Title","District Key","VoteFor","Unit Name","Tally","85","007","Bronx","IN-PLAY","General Election 2020 - 11/03/2020",,"State Senator","34",1,"Manually Counted Emergency",0
"AD","ED","County","EDAD Status","Event","Party/Independent Body","Office/Position Title","District Key","VoteFor","Unit Name","Tally","85","007","Bronx","IN-PLAY","General Election 2020 - 11/03/2020",,"State Senator","34",1,"Absentee / Military",52
"AD","ED","County","EDAD Status","Event","Party/Independent Body","Office/Position Title","District Key","VoteFor","Unit Name","Tally","85","007","Bronx","IN-PLAY","General Election 2020 - 11/03/2020",,"State Senator","34",1,"Federal",0
"AD","ED","County","EDAD Status","Event","Party/Independent Body","Office/Position Title","District Key","VoteFor","Unit Name","Tally","85","007","Bronx","IN-PLAY","General Election 2020 - 11/03/2020",,"State Senator","34",1,"Special Presidential",0
"AD","ED","County","EDAD Status","Event","Party/Independent Body","Office/Position Title","District Key","VoteFor","Unit Name","Tally","85","007","Bronx","IN-PLAY","General Election 2020 - 11/03/2020",,"State Senator","34",1,"Affidavit",8
"AD","ED","County","EDAD Status","Event","Party/Independent Body","Office/Position Title","District Key","VoteFor","Unit Name","Tally","85","007","Bronx","IN-PLAY","General Election 2020 - 11/03/2020",,"State Senator","34",1,"Alessandra Biaggi (Democratic)",354
"AD","ED","County","EDAD Status","Event","Party/Independent Body","Office/Position Title","District Key","VoteFor","Unit Name","Tally","85","007","Bronx","IN-PLAY","General Election 2020 - 11/03/2020",,"State Senator","34",1,"James B. Gisondi (Republican)",65
"AD","ED","County","EDAD Status","Event","Party/Independent Body","Office/Position Title","District Key","VoteFor","Unit Name","Tally","85","007","Bronx","IN-PLAY","General Election 2020 - 11/03/2020",,"State Senator","34",1,"Antonio Vitiello (Conservative)",7
"AD","ED","County","EDAD Status","Event","Party/Independent Body","Office/Position Title","District Key","VoteFor","Unit Name","Tally","85","007","Bronx","IN-PLAY","General Election 2020 - 11/03/2020",,"State Senator","34",1,"Alessandra Biaggi (Working Families)",25
"AD","ED","County","EDAD Status","Event","Party/Independent Body","Office/Position Title","District Key","VoteFor","Unit Name","Tally","85","008","Bronx","IN-PLAY","General Election 2020 - 11/03/2020",,"State Senator","34",1,"Public Counter",445
"AD","ED","County","EDAD Status","Event","Party/Independent Body","Office/Position Title","District Key","VoteFor","Unit Name","Tally","85","008","Bronx","IN-PLAY","General Election 2020 - 11/03/2020",,"State Senator","34",1,"Manually Counted Emergency",0
"AD","ED","County","EDAD Status","Event","Party/Independent Body","Office/Position Title","District Key","VoteFor","Unit Name","Tally","85","008","Bronx","IN-PLAY","General Election 2020 - 11/03/2020",,"State Senator","34",1,"Absentee / Military",80
"AD","ED","County","EDAD Status","Event","Party/Independent Body","Office/Position Title","District Key","VoteFor","Unit Name","Tally","85","008","Bronx","IN-PLAY","General Election 2020 - 11/03/2020",,"State Senator","34",1,"Federal",0
"AD","ED","County","EDAD Status","Event","Party/Independent Body","Office/Position Title","District Key","VoteFor","Unit Name","Tally","85","008","Bronx","IN-PLAY","General Election 2020 - 11/03/2020",,"State Senator","34",1,"Special Presidential",0
"AD","ED","County","EDAD Status","Event","Party/Independent Body","Office/Position Title","District Key","VoteFor","Unit Name","Tally","85","008","Bronx","IN-PLAY","General Election 2020 - 11/03/2020",,"State Senator","34",1,"Affidavit",9
"AD","ED","County","EDAD Status","Event","Party/Independent Body","Office/Position Title","District Key","VoteFor","Unit Name","Tally","85","008","Bronx","IN-PLAY","General Election 2020 - 11/03/2020",,"State Senator","34",1,"Alessandra Biaggi (Democratic)",402
"AD","ED","County","EDAD Status","Event","Party/Independent Body","Office/Position Title","District Key","VoteFor","Unit Name","Tally","85","008","Bronx","IN-PLAY","General Election 2020 - 11/03/2020",,"State Senator","34",1,"James B. Gisondi (Republican)",63
"AD","ED","County","EDAD Status","Event","Party/Independent Body","Office/Position Title","District Key","VoteFor","Unit Name","Tally","85","008","Bronx","IN-PLAY","General Election 2020 - 11/03/2020",,"State Senator","34",1,"Antonio Vitiello (Conservative)",9
"AD","ED","County","EDAD Status","Event","Party/Independent Body","Office/Position Title","District Key","VoteFor","Unit Name","Tally","85","008","Bronx","IN-PLAY","General Election 2020 - 11/03/2020",,"State Senator","34",1,"Alessandra Biaggi (Working Families)",29
"AD","ED","County","EDAD Status","Event","Party/Independent Body","Office/Position Title","District Key","VoteFor","Unit Name","Tally","85","009","Bronx","IN-PLAY","General Election 2020 - 11/03/2020",,"State Senator","34",1,"Public Counter",406
"AD","ED","County","EDAD Status","Event","Party/Independent Body","Office/Position Title","District Key","VoteFor","Unit Name","Tally","85","009","Bronx","IN-PLAY","General Election 2020 - 11/03/2020",,"State Senator","34",1,"Manually Counted Emergency",0
"AD","ED","County","EDAD Status","Event","Party/Independent Body","Office/Position Title","District Key","VoteFor","Unit Name","Tally","85","009","Bronx","IN-PLAY","General Election 2020 - 11/03/2020",,"State Senator","34",1,"Absentee / Military",68
"AD","ED","County","EDAD Status","Event","Party/Independent Body","Office/Position Title","District Key","VoteFor","Unit Name","Tally","85","009","Bronx","IN-PLAY","General Election 2020 - 11/03/2020",,"State Senator","34",1,"Federal",1
"AD","ED","County","EDAD Status","Event","Party/Independent Body","Office/Position Title","District Key","VoteFor","Unit Name","Tally","85","009","Bronx","IN-PLAY","General Election 2020 - 11/03/2020",,"State Senator","34",1,"Special Presidential",0
"AD","ED","County","EDAD Status","Event","Party/Independent Body","Office/Position Title","District Key","VoteFor","Unit Name","Tally","85","009","Bronx","IN-PLAY","General Election 2020 - 11/03/2020",,"State Senator","34",1,"Affidavit",7
"AD","ED","County","EDAD Status","Event","Party/Independent Body","Office/Position Title","District Key","VoteFor","Unit Name","Tally","85","009","Bronx","IN-PLAY","General Election 2020 - 11/03/2020",,"State Senator","34",1,"Alessandra Biaggi (Democratic)",382
"AD","ED","County","EDAD Status","Event","Party/Independent Body","Office/Position Title","District Key","VoteFor","Unit Name","Tally","85","009","Bronx","IN-PLAY","General Election 2020 - 11/03/2020",,"State Senator","34",1,"James B. Gisondi (Republican)",39
"AD","ED","County","EDAD Status","Event","Party/Independent Body","Office/Position Title","District Key","VoteFor","Unit Name","Tally","85","009","Bronx","IN-PLAY","General Election 2020 - 11/03/2020",,"State Senator","34",1,"Antonio Vitiello (Conservative)",14
"AD","ED","County","EDAD Status","Event","Party/Independent Body","Office/Position Title","District Key","VoteFor","Unit Name","Tally","85","009","Bronx","IN-PLAY","General Election 2020 - 11/03/2020",,"State Senator","34",1,"Alessandra Biaggi (Working Families)",20
"AD","ED","County","EDAD Status","Event","Party/Independent Body","Office/Position Title","District Key","VoteFor","Unit Name","Tally","85","010","Bronx","IN-PLAY","General Election 2020 - 11/03/2020",,"State Senator","34",1,"Public Counter",428
"AD","ED","County","EDAD Status","Event","Party/Independent Body","Office/Position Title","District Key","VoteFor","Unit Name","Tally","85","010","Bronx","IN-PLAY","General Election 2020 - 11/03/2020",,"State Senator","34",1,"Manually Counted Emergency",0
"AD","ED","County","EDAD Status","Event","Party/Independent Body","Office/Position Title","District Key","VoteFor","Unit Name","Tally","85","010","Bronx","IN-PLAY","General Election 2020 - 11/03/2020",,"State Senator","34",1,"Absentee / Military",47
"AD","ED","County","EDAD Status","Event","Party/Independent Body","Office/Position Title","District Key","VoteFor","Unit Name","Tally","85","010","Bronx","IN-PLAY","General Election 2020 - 11/03/2020",,"State Senator","34",1,"Federal",0
"AD","ED","County","EDAD Status","Event","Party/Independent Body","Office/Position Title","District Key","VoteFor","Unit Name","Tally","85","010","Bronx","IN-PLAY","General Election 2020 - 11/03/2020",,"State Senator","34",1,"Special Presidential",0
"AD","ED","County","EDAD Status","Event","Party/Independent Body","Office/Position Title","District Key","VoteFor","Unit Name","Tally","85","010","Bronx","IN-PLAY","General Election 2020 - 11/03/2020",,"State Senator","34",1,"Affidavit",8
"AD","ED","County","EDAD Status","Event","Party/Independent Body","Office/Position Title","District Key","VoteFor","Unit Name","Tally","85","010","Bronx","IN-PLAY","General Election 2020 - 11/03/2020",,"State Senator","34",1,"Alessandra Biaggi (Democratic)",388
"AD","ED","County","EDAD Status","Event","Party/Independent Body","Office/Position Title","District Key","VoteFor","Unit Name","Tally","85","010","Bronx","IN-PLAY","General Election 2020 - 11/03/2020",,"State Senator","34",1,"James B. Gisondi (Republican)",39
"AD","ED","County","EDAD Status","Event","Party/Independent Body","Office/Position Title","District Key","VoteFor","Unit Name","Tally","85","010","Bronx","IN-PLAY","General Election 2020 - 11/03/2020",,"State Senator","34",1,"Antonio Vitiello (Conservative)",8
"AD","ED","County","EDAD Status","Event","Party/Independent Body","Office/Position Title","District Key","VoteFor","Unit Name","Tally","85","010","Bronx","IN-PLAY","General Election 2020 - 11/03/2020",,"State Senator","34",1,"Alessandra Biaggi (Working Families)",24
"AD","ED","County","EDAD Status","Event","Party/Independent Body","Office/Position Title","District Key","VoteFor","Unit Name","Tally","85","011","Bronx","IN-PLAY","General Election 2020 - 11/03/2020",,"State Senator","34",1,"Public Counter",360
"AD","ED","County","EDAD Status","Event","Party/Independent Body","Office/Position Title","District Key","VoteFor","Unit Name","Tally","85","011","Bronx","IN-PLAY","General Election 2020 - 11/03/2020",,"State Senator","34",1,"Manually Counted Emergency",0
"AD","ED","County","EDAD Status","Event","Party/Independent Body","Office/Position Title","District Key","VoteFor","Unit Name","Tally","85","011","Bronx","IN-PLAY","General Election 2020 - 11/03/2020",,"State Senator","34",1,"Absentee / Military",51
"AD","ED","County","EDAD Status","Event","Party/Independent Body","Office/Position Title","District Key","VoteFor","Unit Name","Tally","85","011","Bronx","IN-PLAY","General Election 2020 - 11/03/2020",,"State Senator","34",1,"Federal",0
"AD","ED","County","EDAD Status","Event","Party/Independent Body","Office/Position Title","District Key","VoteFor","Unit Name","Tally","85","011","Bronx","IN-PLAY","General Election 2020 - 11/03/2020",,"State Senator","34",1,"Special Presidential",0
"AD","ED","County","EDAD Status","Event","Party/Independent Body","Office/Position Title","District Key","VoteFor","Unit Name","Tally","85","011","Bronx","IN-PLAY","General Election 2020 - 11/03/2020",,"State Senator","34",1,"Affidavit",5
"AD","ED","County","EDAD Status","Event","Party/Independent Body","Office/Position Title","District Key","VoteFor","Unit Name","Tally","85","011","Bronx","IN-PLAY","General Election 2020 - 11/03/2020",,"State Senator","34",1,"Alessandra Biaggi (Democratic)",320
"AD","ED","County","EDAD Status","Event","Party/Independent Body","Office/Position Title","District Key","VoteFor","Unit Name","Tally","85","011","Bronx","IN-PLAY","General Election 2020 - 11/03/2020",,"State Senator","34",1,"James B. Gisondi (Republican)",38
"AD","ED","County","EDAD Status","Event","Party/Independent Body","Office/Position Title","District Key","VoteFor","Unit Name","Tally","85","011","Bronx","IN-PLAY","General Election 2020 - 11/03/2020",,"State Senator","34",1,"Antonio Vitiello (Conservative)",7
"AD","ED","County","EDAD Status","Event","Party/Independent Body","Office/Position Title","District Key","VoteFor","Unit Name","Tally","85","011","Bronx","IN-PLAY","General Election 2020 - 11/03/2020",,"State Senator","34",1,"Alessandra Biaggi (Working Families)",17
"AD","ED","County","EDAD Status","Event","Party/Independent Body","Office/Position Title","District Key","VoteFor","Unit Name","Tally","85","012","Bronx","IN-PLAY","General Election 2020 - 11/03/2020",,"State Senator","34",1,"Public Counter",420
"AD","ED","County","EDAD Status","Event","Party/Independent Body","Office/Position Title","District Key","VoteFor","Unit Name","Tally","85","012","Bronx","IN-PLAY","General Election 2020 - 11/03/2020",,"State Senator","34",1,"Manually Counted Emergency",0
"AD","ED","County","EDAD Status","Event","Party/Independent Body","Office/Position Title","District Key","VoteFor","Unit Name","Tally","85","012","Bronx","IN-PLAY","General Election 2020 - 11/03/2020",,"State Senator","34",1,"Absentee / Military",81
"AD","ED","County","EDAD Status","Event","Party/Independent Body","Office/Position Title","District Key","VoteFor","Unit Name","Tally","85","012","Bronx","IN-PLAY","General Election 2020 - 11/03/2020",,"State Senator","34",1,"Federal",0
"AD","ED","County","EDAD Status","Event","Party/Independent Body","Office/Position Title","District Key","VoteFor","Unit Name","Tally","85","012","Bronx","IN-PLAY","General Election 2020 - 11/03/2020",,"State Senator","34",1,"Special Presidential",0
"AD","ED","County","EDAD Status","Event","Party/Independent Body","Office/Position Title","District Key","VoteFor","Unit Name","Tally","85","012","Bronx","IN-PLAY","General Election 2020 - 11/03/2020",,"State Senator","34",1,"Affidavit",4
"AD","ED","County","EDAD Status","Event","Party/Independent Body","Office/Position Title","District Key","VoteFor","Unit Name","Tally","85","012","Bronx","IN-PLAY","General Election 2020 - 11/03/2020",,"State Senator","34",1,"Alessandra Biaggi (Democratic)",411
"AD","ED","County","EDAD Status","Event","Party/Independent Body","Office/Position Title","District Key","VoteFor","Unit Name","Tally","85","012","Bronx","IN-PLAY","General Election 2020 - 11/03/2020",,"State Senator","34",1,"James B. Gisondi (Republican)",41
"AD","ED","County","EDAD Status","Event","Party/Independent Body","Office/Position Title","District Key","VoteFor","Unit Name","Tally","85","012","Bronx","IN-PLAY","General Election 2020 - 11/03/2020",,"State Senator","34",1,"Antonio Vitiello (Conservative)",9
"AD","ED","County","EDAD Status","Event","Party/Independent Body","Office/Position Title","District Key","VoteFor","Unit Name","Tally","85","012","Bronx","IN-PLAY","General Election 2020 - 11/03/2020",,"State Senator","34",1,"Alessandra Biaggi (Working Families)",19
"AD","ED","County","EDAD Status","Event","Party/Independent Body","Office/Position Title","District Key","VoteFor","Unit Name","Tally","85","012","Bronx","IN-PLAY","General Election 2020 - 11/03/2020",,"State Senator","34",1,"Scattered",2
"AD","ED","County","EDAD Status","Event","Party/Independent Body","Office/Position Title","District Key","VoteFor","Unit Name","Tally","85","028","Bronx","IN-PLAY","General Election 2020 - 11/03/2020",,"State Senator","34",1,"Public Counter",74
"AD","ED","County","EDAD Status","Event","Party/Independent Body","Office/Position Title","District Key","VoteFor","Unit Name","Tally","85","028","Bronx","IN-PLAY","General Election 2020 - 11/03/2020",,"State Senator","34",1,"Manually Counted Emergency",0
"AD","ED","County","EDAD Status","Event","Party/Independent Body","Office/Position Title","District Key","VoteFor","Unit Name","Tally","85","028","Bronx","IN-PLAY","General Election 2020 - 11/03/2020",,"State Senator","34",1,"Absentee / Military",21
"AD","ED","County","EDAD Status","Event","Party/Independent Body","Office/Position Title","District Key","VoteFor","Unit Name","Tally","85","028","Bronx","IN-PLAY","General Election 2020 - 11/03/2020",,"State Senator","34",1,"Federal",0
"AD","ED","County","EDAD Status","Event","Party/Independent Body","Office/Position Title","District Key","VoteFor","Unit Name","Tally","85","028","Bronx","IN-PLAY","General Election 2020 - 11/03/2020",,"State Senator","34",1,"Special Presidential",0
"AD","ED","County","EDAD Status","Event","Party/Independent Body","Office/Position Title","District Key","VoteFor","Unit Name","Tally","85","028","Bronx","IN-PLAY","General Election 2020 - 11/03/2020",,"State Senator","34",1,"Affidavit",0
"AD","ED","County","EDAD Status","Event","Party/Independent Body","Office/Position Title","District Key","VoteFor","Unit Name","Tally","85","028","Bronx","IN-PLAY","General Election 2020 - 11/03/2020",,"State Senator","34",1,"Alessandra Biaggi (Democratic)",81
"AD","ED","County","EDAD Status","Event","Party/Independent Body","Office/Position Title","District Key","VoteFor","Unit Name","Tally","85","028","Bronx","IN-PLAY","General Election 2020 - 11/03/2020",,"State Senator","34",1,"James B. Gisondi (Republican)",4
"AD","ED","County","EDAD Status","Event","Party/Independent Body","Office/Position Title","District Key","VoteFor","Unit Name","Tally","85","028","Bronx","IN-PLAY","General Election 2020 - 11/03/2020",,"State Senator","34",1,"Antonio Vitiello (Conservative)",1
"AD","ED","County","EDAD Status","Event","Party/Independent Body","Office/Position Title","District Key","VoteFor","Unit Name","Tally","85","028","Bronx","IN-PLAY","General Election 2020 - 11/03/2020",,"State Senator","34",1,"Alessandra Biaggi (Working Families)",5
"AD","ED","County","EDAD Status","Event","Party/Independent Body","Office/Position Title","District Key","VoteFor","Unit Name","Tally","85","035","Bronx","IN-PLAY","General Election 2020 - 11/03/2020",,"State Senator","34",1,"Public Counter",0
"AD","ED","County","EDAD Status","Event","Party/Independent Body","Office/Position Title","District Key","VoteFor","Unit Name","Tally","85","035","Bronx","IN-PLAY","General Election 2020 - 11/03/2020",,"State Senator","34",1,"Manually Counted Emergency",0
"AD","ED","County","EDAD Status","Event","Party/Independent Body","Office/Position Title","District Key","VoteFor","Unit Name","Tally","85","035","Bronx","IN-PLAY","General Election 2020 - 11/03/2020",,"State Senator","34",1,"Absentee / Military",0
"AD","ED","County","EDAD Status","Event","Party/Independent Body","Office/Position Title","District Key","VoteFor","Unit Name","Tally","85","035","Bronx","IN-PLAY","General Election 2020 - 11/03/2020",,"State Senator","34",1,"Federal",0
"AD","ED","County","EDAD Status","Event","Party/Independent Body","Office/Position Title","District Key","VoteFor","Unit Name","Tally","85","035","Bronx","IN-PLAY","General Election 2020 - 11/03/2020",,"State Senator","34",1,"Special Presidential",0
"AD","ED","County","EDAD Status","Event","Party/Independent Body","Office/Position Title","District Key","VoteFor","Unit Name","Tally","85","035","Bronx","IN-PLAY","General Election 2020 - 11/03/2020",,"State Senator","34",1,"Affidavit",0
"AD","ED","County","EDAD Status","Event","Party/Independent Body","Office/Position Title","District Key","VoteFor","Unit Name","Tally","85","035","Bronx","IN-PLAY","General Election 2020 - 11/03/2020",,"State Senator","34",1,"Alessandra Biaggi (Democratic)",0
"AD","ED","County","EDAD Status","Event","Party/Independent Body","Office/Position Title","District Key","VoteFor","Unit Name","Tally","85","035","Bronx","IN-PLAY","General Election 2020 - 11/03/2020",,"State Senator","34",1,"James B. Gisondi (Republican)",0
"AD","ED","County","EDAD Status","Event","Party/Independent Body","Office/Position Title","District Key","VoteFor","Unit Name","Tally","85","035","Bronx","IN-PLAY","General Election 2020 - 11/03/2020",,"State Senator","34",1,"Antonio Vitiello (Conservative)",0
"AD","ED","County","EDAD Status","Event","Party/Independent Body","Office/Position Title","District Key","VoteFor","Unit Name","Tally","85","035","Bronx","IN-PLAY","General Election 2020 - 11/03/2020",,"State Senator","34",1,"Alessandra Biaggi (Working Families)",0
"AD","ED","County","EDAD Status","Event","Party/Independent Body","Office/Position Title","District Key","VoteFor","Unit Name","Tally","85","037","Bronx","IN-PLAY","General Election 2020 - 11/03/2020",,"State Senator","34",1,"Public Counter",464
"AD","ED","County","EDAD Status","Event","Party/Independent Body","Office/Position Title","District Key","VoteFor","Unit Name","Tally","85","037","Bronx","IN-PLAY","General Election 2020 - 11/03/2020",,"State Senator","34",1,"Manually Counted Emergency",0
"AD","ED","County","EDAD Status","Event","Party/Independent Body","Office/Position Title","District Key","VoteFor","Unit Name","Tally","85","037","Bronx","IN-PLAY","General Election 2020 - 11/03/2020",,"State Senator","34",1,"Absentee / Military",77
"AD","ED","County","EDAD Status","Event","Party/Independent Body","Office/Position Title","District Key","VoteFor","Unit Name","Tally","85","037","Bronx","IN-PLAY","General Election 2020 - 11/03/2020",,"State Senator","34",1,"Federal",2
"AD","ED","County","EDAD Status","Event","Party/Independent Body","Office/Position Title","District Key","VoteFor","Unit Name","Tally","85","037","Bronx","IN-PLAY","General Election 2020 - 11/03/2020",,"State Senator","34",1,"Special Presidential",0
"AD","ED","County","EDAD Status","Event","Party/Independent Body","Office/Position Title","District Key","VoteFor","Unit Name","Tally","85","037","Bronx","IN-PLAY","General Election 2020 - 11/03/2020",,"State Senator","34",1,"Affidavit",6
"AD","ED","County","EDAD Status","Event","Party/Independent Body","Office/Position Title","District Key","VoteFor","Unit Name","Tally","85","037","Bronx","IN-PLAY","General Election 2020 - 11/03/2020",,"State Senator","34",1,"Alessandra Biaggi (Democratic)",465
"AD","ED","County","EDAD Status","Event","Party/Independent Body","Office/Position Title","District Key","VoteFor","Unit Name","Tally","85","037","Bronx","IN-PLAY","General Election 2020 - 11/03/2020",,"State Senator","34",1,"James B. Gisondi (Republican)",24
"AD","ED","County","EDAD Status","Event","Party/Independent Body","Office/Position Title","District Key","VoteFor","Unit Name","Tally","85","037","Bronx","IN-PLAY","General Election 2020 - 11/03/2020",,"State Senator","34",1,"Antonio Vitiello (Conservative)",4
"AD","ED","County","EDAD Status","Event","Party/Independent Body","Office/Position Title","District Key","VoteFor","Unit Name","Tally","85","037","Bronx","IN-PLAY","General Election 2020 - 11/03/2020",,"State Senator","34",1,"Alessandra Biaggi (Working Families)",24
"AD","ED","County","EDAD Status","Event","Party/Independent Body","Office/Position Title","District Key","VoteFor","Unit Name","Tally","85","038","Bronx","IN-PLAY","General Election 2020 - 11/03/2020",,"State Senator","34",1,"Public Counter",333
"AD","ED","County","EDAD Status","Event","Party/Independent Body","Office/Position Title","District Key","VoteFor","Unit Name","Tally","85","038","Bronx","IN-PLAY","General Election 2020 - 11/03/2020",,"State Senator","34",1,"Manually Counted Emergency",0
"AD","ED","County","EDAD Status","Event","Party/Independent Body","Office/Position Title","District Key","VoteFor","Unit Name","Tally","85","038","Bronx","IN-PLAY","General Election 2020 - 11/03/2020",,"State Senator","34",1,"Absentee / Military",41
"AD","ED","County","EDAD Status","Event","Party/Independent Body","Office/Position Title","District Key","VoteFor","Unit Name","Tally","85","038","Bronx","IN-PLAY","General Election 2020 - 11/03/2020",,"State Senator","34",1,"Federal",0
"AD","ED","County","EDAD Status","Event","Party/Independent Body","Office/Position Title","District Key","VoteFor","Unit Name","Tally","85","038","Bronx","IN-PLAY","General Election 2020 - 11/03/2020",,"State Senator","34",1,"Special Presidential",0
"AD","ED","County","EDAD Status","Event","Party/Independent Body","Office/Position Title","District Key","VoteFor","Unit Name","Tally","85","038","Bronx","IN-PLAY","General Election 2020 - 11/03/2020",,"State Senator","34",1,"Affidavit",6
"AD","ED","County","EDAD Status","Event","Party/Independent Body","Office/Position Title","District Key","VoteFor","Unit Name","Tally","85","038","Bronx","IN-PLAY","General Election 2020 - 11/03/2020",,"State Senator","34",1,"Alessandra Biaggi (Democratic)",307
"AD","ED","County","EDAD Status","Event","Party/Independent Body","Office/Position Title","District Key","VoteFor","Unit Name","Tally","85","038","Bronx","IN-PLAY","General Election 2020 - 11/03/2020",,"State Senator","34",1,"James B. Gisondi (Republican)",42
"AD","ED","County","EDAD Status","Event","Party/Independent Body","Office/Position Title","District Key","VoteFor","Unit Name","Tally","85","038","Bronx","IN-PLAY","General Election 2020 - 11/03/2020",,"State Senator","34",1,"Antonio Vitiello (Conservative)",2
"AD","ED","County","EDAD Status","Event","Party/Independent Body","Office/Position Title","District Key","VoteFor","Unit Name","Tally","85","038","Bronx","IN-PLAY","General Election 2020 - 11/03/2020",,"State Senator","34",1,"Alessandra Biaggi (Working Families)",14
"AD","ED","County","EDAD Status","Event","Party/Independent Body","Office/Position Title","District Key","VoteFor","Unit Name","Tally","85","071","Bronx","IN-PLAY","General Election 2020 - 11/03/2020",,"State Senator","34",1,"Public Counter",0
"AD","ED","County","EDAD Status","Event","Party/Independent Body","Office/Position Title","District Key","VoteFor","Unit Name","Tally","85","071","Bronx","IN-PLAY","General Election 2020 - 11/03/2020",,"State Senator","34",1,"Manually Counted Emergency",0
"AD","ED","County","EDAD Status","Event","Party/Independent Body","Office/Position Title","District Key","VoteFor","Unit Name","Tally","85","071","Bronx","IN-PLAY","General Election 2020 - 11/03/2020",,"State Senator","34",1,"Absentee / Military",0
"AD","ED","County","EDAD Status","Event","Party/Independent Body","Office/Position Title","District Key","VoteFor","Unit Name","Tally","85","071","Bronx","IN-PLAY","General Election 2020 - 11/03/2020",,"State Senator","34",1,"Federal",0
"AD","ED","County","EDAD Status","Event","Party/Independent Body","Office/Position Title","District Key","VoteFor","Unit Name","Tally","85","071","Bronx","IN-PLAY","General Election 2020 - 11/03/2020",,"State Senator","34",1,"Special Presidential",0
"AD","ED","County","EDAD Status","Event","Party/Independent Body","Office/Position Title","District Key","VoteFor","Unit Name","Tally","85","071","Bronx","IN-PLAY","General Election 2020 - 11/03/2020",,"State Senator","34",1,"Affidavit",0
"AD","ED","County","EDAD Status","Event","Party/Independent Body","Office/Position Title","District Key","VoteFor","Unit Name","Tally","85","071","Bronx","IN-PLAY","General Election 2020 - 11/03/2020",,"State Senator","34",1,"Alessandra Biaggi (Democratic)",0
"AD","ED","County","EDAD Status","Event","Party/Independent Body","Office/Position Title","District Key","VoteFor","Unit Name","Tally","85","071","Bronx","IN-PLAY","General Election 2020 - 11/03/2020",,"State Senator","34",1,"James B. Gisondi (Republican)",0
"AD","ED","County","EDAD Status","Event","Party/Independent Body","Office/Position Title","District Key","VoteFor","Unit Name","Tally","85","071","Bronx","IN-PLAY","General Election 2020 - 11/03/2020",,"State Senator","34",1,"Antonio Vitiello (Conservative)",0
"AD","ED","County","EDAD Status","Event","Party/Independent Body","Office/Position Title","District Key","VoteFor","Unit Name","Tally","85","071","Bronx","IN-PLAY","General Election 2020 - 11/03/2020",,"State Senator","34",1,"Alessandra Biaggi (Working Families)",0
"AD","ED","County","EDAD Status","Event","Party/Independent Body","Office/Position Title","District Key","VoteFor","Unit Name","Tally","85","072","Bronx","COMBINED INTO 071/85","General Election 2020 - 11/03/2020",,"State Senator","34",1,"Public Counter",0
"AD","ED","County","EDAD Status","Event","Party/Independent Body","Office/Position Title","District Key","VoteFor","Unit Name","Tally","85","072","Bronx","COMBINED INTO 071/85","General Election 2020 - 11/03/2020",,"State Senator","34",1,"Manually Counted Emergency",0
"AD","ED","County","EDAD Status","Event","Party/Independent Body","Office/Position Title","District Key","VoteFor","Unit Name","Tally","85","072","Bronx","COMBINED INTO 071/85","General Election 2020 - 11/03/2020",,"State Senator","34",1,"Absentee / Military",0
"AD","ED","County","EDAD Status","Event","Party/Independent Body","Office/Position Title","District Key","VoteFor","Unit Name","Tally","85","072","Bronx","COMBINED INTO 071/85","General Election 2020 - 11/03/2020",,"State Senator","34",1,"Federal",0
"AD","ED","County","EDAD Status","Event","Party/Independent Body","Office/Position Title","District Key","VoteFor","Unit Name","Tally","85","072","Bronx","COMBINED INTO 071/85","General Election 2020 - 11/03/2020",,"State Senator","34",1,"Special Presidential",0
"AD","ED","County","EDAD Status","Event","Party/Independent Body","Office/Position Title","District Key","VoteFor","Unit Name","Tally","85","072","Bronx","COMBINED INTO 071/85","General Election 2020 - 11/03/2020",,"State Senator","34",1,"Affidavit",0
"AD","ED","County","EDAD Status","Event","Party/Independent Body","Office/Position Title","District Key","VoteFor","Unit Name","Tally","85","073","Bronx","COMBINED INTO 071/85","General Election 2020 - 11/03/2020",,"State Senator","34",1,"Public Counter",0
"AD","ED","County","EDAD Status","Event","Party/Independent Body","Office/Position Title","District Key","VoteFor","Unit Name","Tally","85","073","Bronx","COMBINED INTO 071/85","General Election 2020 - 11/03/2020",,"State Senator","34",1,"Manually Counted Emergency",0
"AD","ED","County","EDAD Status","Event","Party/Independent Body","Office/Position Title","District Key","VoteFor","Unit Name","Tally","85","073","Bronx","COMBINED INTO 071/85","General Election 2020 - 11/03/2020",,"State Senator","34",1,"Absentee / Military",0
"AD","ED","County","EDAD Status","Event","Party/Independent Body","Office/Position Title","District Key","VoteFor","Unit Name","Tally","85","073","Bronx","COMBINED INTO 071/85","General Election 2020 - 11/03/2020",,"State Senator","34",1,"Federal",0
"AD","ED","County","EDAD Status","Event","Party/Independent Body","Office/Position Title","District Key","VoteFor","Unit Name","Tally","85","073","Bronx","COMBINED INTO 071/85","General Election 2020 - 11/03/2020",,"State Senator","34",1,"Special Presidential",0
"AD","ED","County","EDAD Status","Event","Party/Independent Body","Office/Position Title","District Key","VoteFor","Unit Name","Tally","85","073","Bronx","COMBINED INTO 071/85","General Election 2020 - 11/03/2020",,"State Senator","34",1,"Affidavit",0
"AD","ED","County","EDAD Status","Event","Party/Independent Body","Office/Position Title","District Key","VoteFor","Unit Name","Tally","85","074","Bronx","COMBINED INTO 071/85","General Election 2020 - 11/03/2020",,"State Senator","34",1,"Public Counter",0
"AD","ED","County","EDAD Status","Event","Party/Independent Body","Office/Position Title","District Key","VoteFor","Unit Name","Tally","85","074","Bronx","COMBINED INTO 071/85","General Election 2020 - 11/03/2020",,"State Senator","34",1,"Manually Counted Emergency",0
"AD","ED","County","EDAD Status","Event","Party/Independent Body","Office/Position Title","District Key","VoteFor","Unit Name","Tally","85","074","Bronx","COMBINED INTO 071/85","General Election 2020 - 11/03/2020",,"State Senator","34",1,"Absentee / Military",0
"AD","ED","County","EDAD Status","Event","Party/Independent Body","Office/Position Title","District Key","VoteFor","Unit Name","Tally","85","074","Bronx","COMBINED INTO 071/85","General Election 2020 - 11/03/2020",,"State Senator","34",1,"Federal",0
"AD","ED","County","EDAD Status","Event","Party/Independent Body","Office/Position Title","District Key","VoteFor","Unit Name","Tally","85","074","Bronx","COMBINED INTO 071/85","General Election 2020 - 11/03/2020",,"State Senator","34",1,"Special Presidential",0
"AD","ED","County","EDAD Status","Event","Party/Independent Body","Office/Position Title","District Key","VoteFor","Unit Name","Tally","85","074","Bronx","COMBINED INTO 071/85","General Election 2020 - 11/03/2020",,"State Senator","34",1,"Affidavit",0
"AD","ED","County","EDAD Status","Event","Party/Independent Body","Office/Position Title","District Key","VoteFor","Unit Name","Tally","85","075","Bronx","COMBINED INTO 071/85","General Election 2020 - 11/03/2020",,"State Senator","34",1,"Public Counter",0
"AD","ED","County","EDAD Status","Event","Party/Independent Body","Office/Position Title","District Key","VoteFor","Unit Name","Tally","85","075","Bronx","COMBINED INTO 071/85","General Election 2020 - 11/03/2020",,"State Senator","34",1,"Manually Counted Emergency",0
"AD","ED","County","EDAD Status","Event","Party/Independent Body","Office/Position Title","District Key","VoteFor","Unit Name","Tally","85","075","Bronx","COMBINED INTO 071/85","General Election 2020 - 11/03/2020",,"State Senator","34",1,"Absentee / Military",0
"AD","ED","County","EDAD Status","Event","Party/Independent Body","Office/Position Title","District Key","VoteFor","Unit Name","Tally","85","075","Bronx","COMBINED INTO 071/85","General Election 2020 - 11/03/2020",,"State Senator","34",1,"Federal",0
"AD","ED","County","EDAD Status","Event","Party/Independent Body","Office/Position Title","District Key","VoteFor","Unit Name","Tally","85","075","Bronx","COMBINED INTO 071/85","General Election 2020 - 11/03/2020",,"State Senator","34",1,"Special Presidential",0
"AD","ED","County","EDAD Status","Event","Party/Independent Body","Office/Position Title","District Key","VoteFor","Unit Name","Tally","85","075","Bronx","COMBINED INTO 071/85","General Election 2020 - 11/03/2020",,"State Senator","34",1,"Affidavit",0
"AD","ED","County","EDAD Status","Event","Party/Independent Body","Office/Position Title","District Key","VoteFor","Unit Name","Tally","85","076","Bronx","IN-PLAY","General Election 2020 - 11/03/2020",,"State Senator","34",1,"Public Counter",0
"AD","ED","County","EDAD Status","Event","Party/Independent Body","Office/Position Title","District Key","VoteFor","Unit Name","Tally","85","076","Bronx","IN-PLAY","General Election 2020 - 11/03/2020",,"State Senator","34",1,"Manually Counted Emergency",0
"AD","ED","County","EDAD Status","Event","Party/Independent Body","Office/Position Title","District Key","VoteFor","Unit Name","Tally","85","076","Bronx","IN-PLAY","General Election 2020 - 11/03/2020",,"State Senator","34",1,"Absentee / Military",0
"AD","ED","County","EDAD Status","Event","Party/Independent Body","Office/Position Title","District Key","VoteFor","Unit Name","Tally","85","076","Bronx","IN-PLAY","General Election 2020 - 11/03/2020",,"State Senator","34",1,"Federal",0
"AD","ED","County","EDAD Status","Event","Party/Independent Body","Office/Position Title","District Key","VoteFor","Unit Name","Tally","85","076","Bronx","IN-PLAY","General Election 2020 - 11/03/2020",,"State Senator","34",1,"Special Presidential",0
"AD","ED","County","EDAD Status","Event","Party/Independent Body","Office/Position Title","District Key","VoteFor","Unit Name","Tally","85","076","Bronx","IN-PLAY","General Election 2020 - 11/03/2020",,"State Senator","34",1,"Affidavit",0
"AD","ED","County","EDAD Status","Event","Party/Independent Body","Office/Position Title","District Key","VoteFor","Unit Name","Tally","85","076","Bronx","IN-PLAY","General Election 2020 - 11/03/2020",,"State Senator","34",1,"Alessandra Biaggi (Democratic)",0
"AD","ED","County","EDAD Status","Event","Party/Independent Body","Office/Position Title","District Key","VoteFor","Unit Name","Tally","85","076","Bronx","IN-PLAY","General Election 2020 - 11/03/2020",,"State Senator","34",1,"James B. Gisondi (Republican)",0
"AD","ED","County","EDAD Status","Event","Party/Independent Body","Office/Position Title","District Key","VoteFor","Unit Name","Tally","85","076","Bronx","IN-PLAY","General Election 2020 - 11/03/2020",,"State Senator","34",1,"Antonio Vitiello (Conservative)",0
"AD","ED","County","EDAD Status","Event","Party/Independent Body","Office/Position Title","District Key","VoteFor","Unit Name","Tally","85","076","Bronx","IN-PLAY","General Election 2020 - 11/03/2020",,"State Senator","34",1,"Alessandra Biaggi (Working Families)",0
"AD","ED","County","EDAD Status","Event","Party/Independent Body","Office/Position Title","District Key","VoteFor","Unit Name","Tally","85","077","Bronx","COMBINED INTO 071/85","General Election 2020 - 11/03/2020",,"State Senator","34",1,"Public Counter",0
"AD","ED","County","EDAD Status","Event","Party/Independent Body","Office/Position Title","District Key","VoteFor","Unit Name","Tally","85","077","Bronx","COMBINED INTO 071/85","General Election 2020 - 11/03/2020",,"State Senator","34",1,"Manually Counted Emergency",0
"AD","ED","County","EDAD Status","Event","Party/Independent Body","Office/Position Title","District Key","VoteFor","Unit Name","Tally","85","077","Bronx","COMBINED INTO 071/85","General Election 2020 - 11/03/2020",,"State Senator","34",1,"Absentee / Military",0
"AD","ED","County","EDAD Status","Event","Party/Independent Body","Office/Position Title","District Key","VoteFor","Unit Name","Tally","85","077","Bronx","COMBINED INTO 071/85","General Election 2020 - 11/03/2020",,"State Senator","34",1,"Federal",0
"AD","ED","County","EDAD Status","Event","Party/Independent Body","Office/Position Title","District Key","VoteFor","Unit Name","Tally","85","077","Bronx","COMBINED INTO 071/85","General Election 2020 - 11/03/2020",,"State Senator","34",1,"Special Presidential",0
"AD","ED","County","EDAD Status","Event","Party/Independent Body","Office/Position Title","District Key","VoteFor","Unit Name","Tally","85","077","Bronx","COMBINED INTO 071/85","General Election 2020 - 11/03/2020",,"State Senator","34",1,"Affidavit",0
"AD","ED","County","EDAD Status","Event","Party/Independent Body","Office/Position Title","District Key","VoteFor","Unit Name","Tally","85","078","Bronx","COMBINED INTO 071/85","General Election 2020 - 11/03/2020",,"State Senator","34",1,"Public Counter",0
"AD","ED","County","EDAD Status","Event","Party/Independent Body","Office/Position Title","District Key","VoteFor","Unit Name","Tally","85","078","Bronx","COMBINED INTO 071/85","General Election 2020 - 11/03/2020",,"State Senator","34",1,"Manually Counted Emergency",0
"AD","ED","County","EDAD Status","Event","Party/Independent Body","Office/Position Title","District Key","VoteFor","Unit Name","Tally","85","078","Bronx","COMBINED INTO 071/85","General Election 2020 - 11/03/2020",,"State Senator","34",1,"Absentee / Military",0
"AD","ED","County","EDAD Status","Event","Party/Independent Body","Office/Position Title","District Key","VoteFor","Unit Name","Tally","85","078","Bronx","COMBINED INTO 071/85","General Election 2020 - 11/03/2020",,"State Senator","34",1,"Federal",0
"AD","ED","County","EDAD Status","Event","Party/Independent Body","Office/Position Title","District Key","VoteFor","Unit Name","Tally","85","078","Bronx","COMBINED INTO 071/85","General Election 2020 - 11/03/2020",,"State Senator","34",1,"Special Presidential",0
"AD","ED","County","EDAD Status","Event","Party/Independent Body","Office/Position Title","District Key","VoteFor","Unit Name","Tally","85","078","Bronx","COMBINED INTO 071/85","General Election 2020 - 11/03/2020",,"State Senator","34",1,"Affidavit",0
"AD","ED","County","EDAD Status","Event","Party/Independent Body","Office/Position Title","District Key","VoteFor","Unit Name","Tally","85","079","Bronx","COMBINED INTO 071/85","General Election 2020 - 11/03/2020",,"State Senator","34",1,"Public Counter",0
"AD","ED","County","EDAD Status","Event","Party/Independent Body","Office/Position Title","District Key","VoteFor","Unit Name","Tally","85","079","Bronx","COMBINED INTO 071/85","General Election 2020 - 11/03/2020",,"State Senator","34",1,"Manually Counted Emergency",0
"AD","ED","County","EDAD Status","Event","Party/Independent Body","Office/Position Title","District Key","VoteFor","Unit Name","Tally","85","079","Bronx","COMBINED INTO 071/85","General Election 2020 - 11/03/2020",,"State Senator","34",1,"Absentee / Military",0
"AD","ED","County","EDAD Status","Event","Party/Independent Body","Office/Position Title","District Key","VoteFor","Unit Name","Tally","85","079","Bronx","COMBINED INTO 071/85","General Election 2020 - 11/03/2020",,"State Senator","34",1,"Federal",0
"AD","ED","County","EDAD Status","Event","Party/Independent Body","Office/Position Title","District Key","VoteFor","Unit Name","Tally","85","079","Bronx","COMBINED INTO 071/85","General Election 2020 - 11/03/2020",,"State Senator","34",1,"Special Presidential",0
"AD","ED","County","EDAD Status","Event","Party/Independent Body","Office/Position Title","District Key","VoteFor","Unit Name","Tally","85","079","Bronx","COMBINED INTO 071/85","General Election 2020 - 11/03/2020",,"State Senator","34",1,"Affidavit",0
"AD","ED","County","EDAD Status","Event","Party/Independent Body","Office/Position Title","District Key","VoteFor","Unit Name","Tally","87","044","Bronx","IN-PLAY","General Election 2020 - 11/03/2020",,"State Senator","34",1,"Public Counter",103
"AD","ED","County","EDAD Status","Event","Party/Independent Body","Office/Position Title","District Key","VoteFor","Unit Name","Tally","87","044","Bronx","IN-PLAY","General Election 2020 - 11/03/2020",,"State Senator","34",1,"Manually Counted Emergency",0
"AD","ED","County","EDAD Status","Event","Party/Independent Body","Office/Position Title","District Key","VoteFor","Unit Name","Tally","87","044","Bronx","IN-PLAY","General Election 2020 - 11/03/2020",,"State Senator","34",1,"Absentee / Military",27
"AD","ED","County","EDAD Status","Event","Party/Independent Body","Office/Position Title","District Key","VoteFor","Unit Name","Tally","87","044","Bronx","IN-PLAY","General Election 2020 - 11/03/2020",,"State Senator","34",1,"Federal",0
"AD","ED","County","EDAD Status","Event","Party/Independent Body","Office/Position Title","District Key","VoteFor","Unit Name","Tally","87","044","Bronx","IN-PLAY","General Election 2020 - 11/03/2020",,"State Senator","34",1,"Special Presidential",0
"AD","ED","County","EDAD Status","Event","Party/Independent Body","Office/Position Title","District Key","VoteFor","Unit Name","Tally","87","044","Bronx","IN-PLAY","General Election 2020 - 11/03/2020",,"State Senator","34",1,"Affidavit",1
"AD","ED","County","EDAD Status","Event","Party/Independent Body","Office/Position Title","District Key","VoteFor","Unit Name","Tally","87","044","Bronx","IN-PLAY","General Election 2020 - 11/03/2020",,"State Senator","34",1,"Alessandra Biaggi (Democratic)",93
"AD","ED","County","EDAD Status","Event","Party/Independent Body","Office/Position Title","District Key","VoteFor","Unit Name","Tally","87","044","Bronx","IN-PLAY","General Election 2020 - 11/03/2020",,"State Senator","34",1,"James B. Gisondi (Republican)",20
"AD","ED","County","EDAD Status","Event","Party/Independent Body","Office/Position Title","District Key","VoteFor","Unit Name","Tally","87","044","Bronx","IN-PLAY","General Election 2020 - 11/03/2020",,"State Senator","34",1,"Antonio Vitiello (Conservative)",6
"AD","ED","County","EDAD Status","Event","Party/Independent Body","Office/Position Title","District Key","VoteFor","Unit Name","Tally","87","044","Bronx","IN-PLAY","General Election 2020 - 11/03/2020",,"State Senator","34",1,"Alessandra Biaggi (Working Families)",7
"AD","ED","County","EDAD Status","Event","Party/Independent Body","Office/Position Title","District Key","VoteFor","Unit Name","Tally","87","065","Bronx","IN-PLAY","General Election 2020 - 11/03/2020",,"State Senator","34",1,"Public Counter",324
"AD","ED","County","EDAD Status","Event","Party/Independent Body","Office/Position Title","District Key","VoteFor","Unit Name","Tally","87","065","Bronx","IN-PLAY","General Election 2020 - 11/03/2020",,"State Senator","34",1,"Manually Counted Emergency",0
"AD","ED","County","EDAD Status","Event","Party/Independent Body","Office/Position Title","District Key","VoteFor","Unit Name","Tally","87","065","Bronx","IN-PLAY","General Election 2020 - 11/03/2020",,"State Senator","34",1,"Absentee / Military",75
"AD","ED","County","EDAD Status","Event","Party/Independent Body","Office/Position Title","District Key","VoteFor","Unit Name","Tally","87","065","Bronx","IN-PLAY","General Election 2020 - 11/03/2020",,"State Senator","34",1,"Federal",1
"AD","ED","County","EDAD Status","Event","Party/Independent Body","Office/Position Title","District Key","VoteFor","Unit Name","Tally","87","065","Bronx","IN-PLAY","General Election 2020 - 11/03/2020",,"State Senator","34",1,"Special Presidential",0
"AD","ED","County","EDAD Status","Event","Party/Independent Body","Office/Position Title","District Key","VoteFor","Unit Name","Tally","87","065","Bronx","IN-PLAY","General Election 2020 - 11/03/2020",,"State Senator","34",1,"Affidavit",5
"AD","ED","County","EDAD Status","Event","Party/Independent Body","Office/Position Title","District Key","VoteFor","Unit Name","Tally","87","065","Bronx","IN-PLAY","General Election 2020 - 11/03/2020",,"State Senator","34",1,"Alessandra Biaggi (Democratic)",304
"AD","ED","County","EDAD Status","Event","Party/Independent Body","Office/Position Title","District Key","VoteFor","Unit Name","Tally","87","065","Bronx","IN-PLAY","General Election 2020 - 11/03/2020",,"State Senator","34",1,"James B. Gisondi (Republican)",61
"AD","ED","County","EDAD Status","Event","Party/Independent Body","Office/Position Title","District Key","VoteFor","Unit Name","Tally","87","065","Bronx","IN-PLAY","General Election 2020 - 11/03/2020",,"State Senator","34",1,"Antonio Vitiello (Conservative)",6
"AD","ED","County","EDAD Status","Event","Party/Independent Body","Office/Position Title","District Key","VoteFor","Unit Name","Tally","87","065","Bronx","IN-PLAY","General Election 2020 - 11/03/2020",,"State Senator","34",1,"Alessandra Biaggi (Working Families)",15
"AD","ED","County","EDAD Status","Event","Party/Independent Body","Office/Position Title","District Key","VoteFor","Unit Name","Tally","87","065","Bronx","IN-PLAY","General Election 2020 - 11/03/2020",,"State Senator","34",1,"Scattered",1
"AD","ED","County","EDAD Status","Event","Party/Independent Body","Office/Position Title","District Key","VoteFor","Unit Name","Tally","87","066","Bronx","IN-PLAY","General Election 2020 - 11/03/2020",,"State Senator","34",1,"Public Counter",529
"AD","ED","County","EDAD Status","Event","Party/Independent Body","Office/Position Title","District Key","VoteFor","Unit Name","Tally","87","066","Bronx","IN-PLAY","General Election 2020 - 11/03/2020",,"State Senator","34",1,"Manually Counted Emergency",0
"AD","ED","County","EDAD Status","Event","Party/Independent Body","Office/Position Title","District Key","VoteFor","Unit Name","Tally","87","066","Bronx","IN-PLAY","General Election 2020 - 11/03/2020",,"State Senator","34",1,"Absentee / Military",75
"AD","ED","County","EDAD Status","Event","Party/Independent Body","Office/Position Title","District Key","VoteFor","Unit Name","Tally","87","066","Bronx","IN-PLAY","General Election 2020 - 11/03/2020",,"State Senator","34",1,"Federal",1
"AD","ED","County","EDAD Status","Event","Party/Independent Body","Office/Position Title","District Key","VoteFor","Unit Name","Tally","87","066","Bronx","IN-PLAY","General Election 2020 - 11/03/2020",,"State Senator","34",1,"Special Presidential",0
"AD","ED","County","EDAD Status","Event","Party/Independent Body","Office/Position Title","District Key","VoteFor","Unit Name","Tally","87","066","Bronx","IN-PLAY","General Election 2020 - 11/03/2020",,"State Senator","34",1,"Affidavit",11
"AD","ED","County","EDAD Status","Event","Party/Independent Body","Office/Position Title","District Key","VoteFor","Unit Name","Tally","87","066","Bronx","IN-PLAY","General Election 2020 - 11/03/2020",,"State Senator","34",1,"Alessandra Biaggi (Democratic)",449
"AD","ED","County","EDAD Status","Event","Party/Independent Body","Office/Position Title","District Key","VoteFor","Unit Name","Tally","87","066","Bronx","IN-PLAY","General Election 2020 - 11/03/2020",,"State Senator","34",1,"James B. Gisondi (Republican)",58
"AD","ED","County","EDAD Status","Event","Party/Independent Body","Office/Position Title","District Key","VoteFor","Unit Name","Tally","87","066","Bronx","IN-PLAY","General Election 2020 - 11/03/2020",,"State Senator","34",1,"Antonio Vitiello (Conservative)",7
"AD","ED","County","EDAD Status","Event","Party/Independent Body","Office/Position Title","District Key","VoteFor","Unit Name","Tally","87","066","Bronx","IN-PLAY","General Election 2020 - 11/03/2020",,"State Senator","34",1,"Alessandra Biaggi (Working Families)",32
"AD","ED","County","EDAD Status","Event","Party/Independent Body","Office/Position Title","District Key","VoteFor","Unit Name","Tally","87","067","Bronx","IN-PLAY","General Election 2020 - 11/03/2020",,"State Senator","34",1,"Public Counter",415
"AD","ED","County","EDAD Status","Event","Party/Independent Body","Office/Position Title","District Key","VoteFor","Unit Name","Tally","87","067","Bronx","IN-PLAY","General Election 2020 - 11/03/2020",,"State Senator","34",1,"Manually Counted Emergency",0
"AD","ED","County","EDAD Status","Event","Party/Independent Body","Office/Position Title","District Key","VoteFor","Unit Name","Tally","87","067","Bronx","IN-PLAY","General Election 2020 - 11/03/2020",,"State Senator","34",1,"Absentee / Military",77
"AD","ED","County","EDAD Status","Event","Party/Independent Body","Office/Position Title","District Key","VoteFor","Unit Name","Tally","87","067","Bronx","IN-PLAY","General Election 2020 - 11/03/2020",,"State Senator","34",1,"Federal",1
"AD","ED","County","EDAD Status","Event","Party/Independent Body","Office/Position Title","District Key","VoteFor","Unit Name","Tally","87","067","Bronx","IN-PLAY","General Election 2020 - 11/03/2020",,"State Senator","34",1,"Special Presidential",0
"AD","ED","County","EDAD Status","Event","Party/Independent Body","Office/Position Title","District Key","VoteFor","Unit Name","Tally","87","067","Bronx","IN-PLAY","General Election 2020 - 11/03/2020",,"State Senator","34",1,"Affidavit",7
"AD","ED","County","EDAD Status","Event","Party/Independent Body","Office/Position Title","District Key","VoteFor","Unit Name","Tally","87","067","Bronx","IN-PLAY","General Election 2020 - 11/03/2020",,"State Senator","34",1,"Alessandra Biaggi (Democratic)",392
"AD","ED","County","EDAD Status","Event","Party/Independent Body","Office/Position Title","District Key","VoteFor","Unit Name","Tally","87","067","Bronx","IN-PLAY","General Election 2020 - 11/03/2020",,"State Senator","34",1,"James B. Gisondi (Republican)",45
"AD","ED","County","EDAD Status","Event","Party/Independent Body","Office/Position Title","District Key","VoteFor","Unit Name","Tally","87","067","Bronx","IN-PLAY","General Election 2020 - 11/03/2020",,"State Senator","34",1,"Antonio Vitiello (Conservative)",10
"AD","ED","County","EDAD Status","Event","Party/Independent Body","Office/Position Title","District Key","VoteFor","Unit Name","Tally","87","067","Bronx","IN-PLAY","General Election 2020 - 11/03/2020",,"State Senator","34",1,"Alessandra Biaggi (Working Families)",25
"AD","ED","County","EDAD Status","Event","Party/Independent Body","Office/Position Title","District Key","VoteFor","Unit Name","Tally","87","068","Bronx","IN-PLAY","General Election 2020 - 11/03/2020",,"State Senator","34",1,"Public Counter",565
"AD","ED","County","EDAD Status","Event","Party/Independent Body","Office/Position Title","District Key","VoteFor","Unit Name","Tally","87","068","Bronx","IN-PLAY","General Election 2020 - 11/03/2020",,"State Senator","34",1,"Manually Counted Emergency",0
"AD","ED","County","EDAD Status","Event","Party/Independent Body","Office/Position Title","District Key","VoteFor","Unit Name","Tally","87","068","Bronx","IN-PLAY","General Election 2020 - 11/03/2020",,"State Senator","34",1,"Absentee / Military",119
"AD","ED","County","EDAD Status","Event","Party/Independent Body","Office/Position Title","District Key","VoteFor","Unit Name","Tally","87","068","Bronx","IN-PLAY","General Election 2020 - 11/03/2020",,"State Senator","34",1,"Federal",1
"AD","ED","County","EDAD Status","Event","Party/Independent Body","Office/Position Title","District Key","VoteFor","Unit Name","Tally","87","068","Bronx","IN-PLAY","General Election 2020 - 11/03/2020",,"State Senator","34",1,"Special Presidential",0
"AD","ED","County","EDAD Status","Event","Party/Independent Body","Office/Position Title","District Key","VoteFor","Unit Name","Tally","87","068","Bronx","IN-PLAY","General Election 2020 - 11/03/2020",,"State Senator","34",1,"Affidavit",11
"AD","ED","County","EDAD Status","Event","Party/Independent Body","Office/Position Title","District Key","VoteFor","Unit Name","Tally","87","068","Bronx","IN-PLAY","General Election 2020 - 11/03/2020",,"State Senator","34",1,"Alessandra Biaggi (Democratic)",522
"AD","ED","County","EDAD Status","Event","Party/Independent Body","Office/Position Title","District Key","VoteFor","Unit Name","Tally","87","068","Bronx","IN-PLAY","General Election 2020 - 11/03/2020",,"State Senator","34",1,"James B. Gisondi (Republican)",81
"AD","ED","County","EDAD Status","Event","Party/Independent Body","Office/Position Title","District Key","VoteFor","Unit Name","Tally","87","068","Bronx","IN-PLAY","General Election 2020 - 11/03/2020",,"State Senator","34",1,"Antonio Vitiello (Conservative)",9
"AD","ED","County","EDAD Status","Event","Party/Independent Body","Office/Position Title","District Key","VoteFor","Unit Name","Tally","87","068","Bronx","IN-PLAY","General Election 2020 - 11/03/2020",,"State Senator","34",1,"Alessandra Biaggi (Working Families)",40
"AD","ED","County","EDAD Status","Event","Party/Independent Body","Office/Position Title","District Key","VoteFor","Unit Name","Tally","87","069","Bronx","IN-PLAY","General Election 2020 - 11/03/2020",,"State Senator","34",1,"Public Counter",414
"AD","ED","County","EDAD Status","Event","Party/Independent Body","Office/Position Title","District Key","VoteFor","Unit Name","Tally","87","069","Bronx","IN-PLAY","General Election 2020 - 11/03/2020",,"State Senator","34",1,"Manually Counted Emergency",0
"AD","ED","County","EDAD Status","Event","Party/Independent Body","Office/Position Title","District Key","VoteFor","Unit Name","Tally","87","069","Bronx","IN-PLAY","General Election 2020 - 11/03/2020",,"State Senator","34",1,"Absentee / Military",120
"AD","ED","County","EDAD Status","Event","Party/Independent Body","Office/Position Title","District Key","VoteFor","Unit Name","Tally","87","069","Bronx","IN-PLAY","General Election 2020 - 11/03/2020",,"State Senator","34",1,"Federal",0
"AD","ED","County","EDAD Status","Event","Party/Independent Body","Office/Position Title","District Key","VoteFor","Unit Name","Tally","87","069","Bronx","IN-PLAY","General Election 2020 - 11/03/2020",,"State Senator","34",1,"Special Presidential",0
"AD","ED","County","EDAD Status","Event","Party/Independent Body","Office/Position Title","District Key","VoteFor","Unit Name","Tally","87","069","Bronx","IN-PLAY","General Election 2020 - 11/03/2020",,"State Senator","34",1,"Affidavit",10
"AD","ED","County","EDAD Status","Event","Party/Independent Body","Office/Position Title","District Key","VoteFor","Unit Name","Tally","87","069","Bronx","IN-PLAY","General Election 2020 - 11/03/2020",,"State Senator","34",1,"Alessandra Biaggi (Democratic)",432
"AD","ED","County","EDAD Status","Event","Party/Independent Body","Office/Position Title","District Key","VoteFor","Unit Name","Tally","87","069","Bronx","IN-PLAY","General Election 2020 - 11/03/2020",,"State Senator","34",1,"James B. Gisondi (Republican)",57
"AD","ED","County","EDAD Status","Event","Party/Independent Body","Office/Position Title","District Key","VoteFor","Unit Name","Tally","87","069","Bronx","IN-PLAY","General Election 2020 - 11/03/2020",,"State Senator","34",1,"Antonio Vitiello (Conservative)",13
"AD","ED","County","EDAD Status","Event","Party/Independent Body","Office/Position Title","District Key","VoteFor","Unit Name","Tally","87","069","Bronx","IN-PLAY","General Election 2020 - 11/03/2020",,"State Senator","34",1,"Alessandra Biaggi (Working Families)",22
"AD","ED","County","EDAD Status","Event","Party/Independent Body","Office/Position Title","District Key","VoteFor","Unit Name","Tally","87","069","Bronx","IN-PLAY","General Election 2020 - 11/03/2020",,"State Senator","34",1,"Scattered",1
"AD","ED","County","EDAD Status","Event","Party/Independent Body","Office/Position Title","District Key","VoteFor","Unit Name","Tally","87","072","Bronx","IN-PLAY","General Election 2020 - 11/03/2020",,"State Senator","34",1,"Public Counter",344
"AD","ED","County","EDAD Status","Event","Party/Independent Body","Office/Position Title","District Key","VoteFor","Unit Name","Tally","87","072","Bronx","IN-PLAY","General Election 2020 - 11/03/2020",,"State Senator","34",1,"Manually Counted Emergency",0
"AD","ED","County","EDAD Status","Event","Party/Independent Body","Office/Position Title","District Key","VoteFor","Unit Name","Tally","87","072","Bronx","IN-PLAY","General Election 2020 - 11/03/2020",,"State Senator","34",1,"Absentee / Military",73
"AD","ED","County","EDAD Status","Event","Party/Independent Body","Office/Position Title","District Key","VoteFor","Unit Name","Tally","87","072","Bronx","IN-PLAY","General Election 2020 - 11/03/2020",,"State Senator","34",1,"Federal",3
"AD","ED","County","EDAD Status","Event","Party/Independent Body","Office/Position Title","District Key","VoteFor","Unit Name","Tally","87","072","Bronx","IN-PLAY","General Election 2020 - 11/03/2020",,"State Senator","34",1,"Special Presidential",0
"AD","ED","County","EDAD Status","Event","Party/Independent Body","Office/Position Title","District Key","VoteFor","Unit Name","Tally","87","072","Bronx","IN-PLAY","General Election 2020 - 11/03/2020",,"State Senator","34",1,"Affidavit",11
"AD","ED","County","EDAD Status","Event","Party/Independent Body","Office/Position Title","District Key","VoteFor","Unit Name","Tally","87","072","Bronx","IN-PLAY","General Election 2020 - 11/03/2020",,"State Senator","34",1,"Alessandra Biaggi (Democratic)",328
"AD","ED","County","EDAD Status","Event","Party/Independent Body","Office/Position Title","District Key","VoteFor","Unit Name","Tally","87","072","Bronx","IN-PLAY","General Election 2020 - 11/03/2020",,"State Senator","34",1,"James B. Gisondi (Republican)",61
"AD","ED","County","EDAD Status","Event","Party/Independent Body","Office/Position Title","District Key","VoteFor","Unit Name","Tally","87","072","Bronx","IN-PLAY","General Election 2020 - 11/03/2020",,"State Senator","34",1,"Antonio Vitiello (Conservative)",5
"AD","ED","County","EDAD Status","Event","Party/Independent Body","Office/Position Title","District Key","VoteFor","Unit Name","Tally","87","072","Bronx","IN-PLAY","General Election 2020 - 11/03/2020",,"State Senator","34",1,"Alessandra Biaggi (Working Families)",19
"AD","ED","County","EDAD Status","Event","Party/Independent Body","Office/Position Title","District Key","VoteFor","Unit Name","Tally","87","072","Bronx","IN-PLAY","General Election 2020 - 11/03/2020",,"State Senator","34",1,"Scattered",2
"AD","ED","County","EDAD Status","Event","Party/Independent Body","Office/Position Title","District Key","VoteFor","Unit Name","Tally","87","073","Bronx","IN-PLAY","General Election 2020 - 11/03/2020",,"State Senator","34",1,"Public Counter",1
"AD","ED","County","EDAD Status","Event","Party/Independent Body","Office/Position Title","District Key","VoteFor","Unit Name","Tally","87","073","Bronx","IN-PLAY","General Election 2020 - 11/03/2020",,"State Senator","34",1,"Manually Counted Emergency",0
"AD","ED","County","EDAD Status","Event","Party/Independent Body","Office/Position Title","District Key","VoteFor","Unit Name","Tally","87","073","Bronx","IN-PLAY","General Election 2020 - 11/03/2020",,"State Senator","34",1,"Absentee / Military",68
"AD","ED","County","EDAD Status","Event","Party/Independent Body","Office/Position Title","District Key","VoteFor","Unit Name","Tally","87","073","Bronx","IN-PLAY","General Election 2020 - 11/03/2020",,"State Senator","34",1,"Federal",0
"AD","ED","County","EDAD Status","Event","Party/Independent Body","Office/Position Title","District Key","VoteFor","Unit Name","Tally","87","073","Bronx","IN-PLAY","General Election 2020 - 11/03/2020",,"State Senator","34",1,"Special Presidential",0
"AD","ED","County","EDAD Status","Event","Party/Independent Body","Office/Position Title","District Key","VoteFor","Unit Name","Tally","87","073","Bronx","IN-PLAY","General Election 2020 - 11/03/2020",,"State Senator","34",1,"Affidavit",0
"AD","ED","County","EDAD Status","Event","Party/Independent Body","Office/Position Title","District Key","VoteFor","Unit Name","Tally","87","073","Bronx","IN-PLAY","General Election 2020 - 11/03/2020",,"State Senator","34",1,"Alessandra Biaggi (Democratic)",60
"AD","ED","County","EDAD Status","Event","Party/Independent Body","Office/Position Title","District Key","VoteFor","Unit Name","Tally","87","073","Bronx","IN-PLAY","General Election 2020 - 11/03/2020",,"State Senator","34",1,"James B. Gisondi (Republican)",6
"AD","ED","County","EDAD Status","Event","Party/Independent Body","Office/Position Title","District Key","VoteFor","Unit Name","Tally","87","073","Bronx","IN-PLAY","General Election 2020 - 11/03/2020",,"State Senator","34",1,"Antonio Vitiello (Conservative)",2
"AD","ED","County","EDAD Status","Event","Party/Independent Body","Office/Position Title","District Key","VoteFor","Unit Name","Tally","87","073","Bronx","IN-PLAY","General Election 2020 - 11/03/2020",,"State Senator","34",1,"Alessandra Biaggi (Working Families)",0
"AD","ED","County","EDAD Status","Event","Party/Independent Body","Office/Position Title","District Key","VoteFor","Unit Name","Tally","87","074","Bronx","IN-PLAY","General Election 2020 - 11/03/2020",,"State Senator","34",1,"Public Counter",519
"AD","ED","County","EDAD Status","Event","Party/Independent Body","Office/Position Title","District Key","VoteFor","Unit Name","Tally","87","074","Bronx","IN-PLAY","General Election 2020 - 11/03/2020",,"State Senator","34",1,"Manually Counted Emergency",0
"AD","ED","County","EDAD Status","Event","Party/Independent Body","Office/Position Title","District Key","VoteFor","Unit Name","Tally","87","074","Bronx","IN-PLAY","General Election 2020 - 11/03/2020",,"State Senator","34",1,"Absentee / Military",89
"AD","ED","County","EDAD Status","Event","Party/Independent Body","Office/Position Title","District Key","VoteFor","Unit Name","Tally","87","074","Bronx","IN-PLAY","General Election 2020 - 11/03/2020",,"State Senator","34",1,"Federal",3
"AD","ED","County","EDAD Status","Event","Party/Independent Body","Office/Position Title","District Key","VoteFor","Unit Name","Tally","87","074","Bronx","IN-PLAY","General Election 2020 - 11/03/2020",,"State Senator","34",1,"Special Presidential",0
"AD","ED","County","EDAD Status","Event","Party/Independent Body","Office/Position Title","District Key","VoteFor","Unit Name","Tally","87","074","Bronx","IN-PLAY","General Election 2020 - 11/03/2020",,"State Senator","34",1,"Affidavit",14
"AD","ED","County","EDAD Status","Event","Party/Independent Body","Office/Position Title","District Key","VoteFor","Unit Name","Tally","87","074","Bronx","IN-PLAY","General Election 2020 - 11/03/2020",,"State Senator","34",1,"Alessandra Biaggi (Democratic)",481
"AD","ED","County","EDAD Status","Event","Party/Independent Body","Office/Position Title","District Key","VoteFor","Unit Name","Tally","87","074","Bronx","IN-PLAY","General Election 2020 - 11/03/2020",,"State Senator","34",1,"James B. Gisondi (Republican)",68
"AD","ED","County","EDAD Status","Event","Party/Independent Body","Office/Position Title","District Key","VoteFor","Unit Name","Tally","87","074","Bronx","IN-PLAY","General Election 2020 - 11/03/2020",,"State Senator","34",1,"Antonio Vitiello (Conservative)",12
"AD","ED","County","EDAD Status","Event","Party/Independent Body","Office/Position Title","District Key","VoteFor","Unit Name","Tally","87","074","Bronx","IN-PLAY","General Election 2020 - 11/03/2020",,"State Senator","34",1,"Alessandra Biaggi (Working Families)",23
"AD","ED","County","EDAD Status","Event","Party/Independent Body","Office/Position Title","District Key","VoteFor","Unit Name","Tally","87","075","Bronx","IN-PLAY","General Election 2020 - 11/03/2020",,"State Senator","34",1,"Public Counter",383
"AD","ED","County","EDAD Status","Event","Party/Independent Body","Office/Position Title","District Key","VoteFor","Unit Name","Tally","87","075","Bronx","IN-PLAY","General Election 2020 - 11/03/2020",,"State Senator","34",1,"Manually Counted Emergency",0
"AD","ED","County","EDAD Status","Event","Party/Independent Body","Office/Position Title","District Key","VoteFor","Unit Name","Tally","87","075","Bronx","IN-PLAY","General Election 2020 - 11/03/2020",,"State Senator","34",1,"Absentee / Military",85
"AD","ED","County","EDAD Status","Event","Party/Independent Body","Office/Position Title","District Key","VoteFor","Unit Name","Tally","87","075","Bronx","IN-PLAY","General Election 2020 - 11/03/2020",,"State Senator","34",1,"Federal",0
"AD","ED","County","EDAD Status","Event","Party/Independent Body","Office/Position Title","District Key","VoteFor","Unit Name","Tally","87","075","Bronx","IN-PLAY","General Election 2020 - 11/03/2020",,"State Senator","34",1,"Special Presidential",0
"AD","ED","County","EDAD Status","Event","Party/Independent Body","Office/Position Title","District Key","VoteFor","Unit Name","Tally","87","075","Bronx","IN-PLAY","General Election 2020 - 11/03/2020",,"State Senator","34",1,"Affidavit",7
"AD","ED","County","EDAD Status","Event","Party/Independent Body","Office/Position Title","District Key","VoteFor","Unit Name","Tally","87","075","Bronx","IN-PLAY","General Election 2020 - 11/03/2020",,"State Senator","34",1,"Alessandra Biaggi (Democratic)",364
"AD","ED","County","EDAD Status","Event","Party/Independent Body","Office/Position Title","District Key","VoteFor","Unit Name","Tally","87","075","Bronx","IN-PLAY","General Election 2020 - 11/03/2020",,"State Senator","34",1,"James B. Gisondi (Republican)",55
"AD","ED","County","EDAD Status","Event","Party/Independent Body","Office/Position Title","District Key","VoteFor","Unit Name","Tally","87","075","Bronx","IN-PLAY","General Election 2020 - 11/03/2020",,"State Senator","34",1,"Antonio Vitiello (Conservative)",9
"AD","ED","County","EDAD Status","Event","Party/Independent Body","Office/Position Title","District Key","VoteFor","Unit Name","Tally","87","075","Bronx","IN-PLAY","General Election 2020 - 11/03/2020",,"State Senator","34",1,"Alessandra Biaggi (Working Families)",32
"AD","ED","County","EDAD Status","Event","Party/Independent Body","Office/Position Title","District Key","VoteFor","Unit Name","Tally","87","075","Bronx","IN-PLAY","General Election 2020 - 11/03/2020",,"State Senator","34",1,"Scattered",1
"AD","ED","County","EDAD Status","Event","Party/Independent Body","Office/Position Title","District Key","VoteFor","Unit Name","Tally","87","076","Bronx","IN-PLAY","General Election 2020 - 11/03/2020",,"State Senator","34",1,"Public Counter",415
"AD","ED","County","EDAD Status","Event","Party/Independent Body","Office/Position Title","District Key","VoteFor","Unit Name","Tally","87","076","Bronx","IN-PLAY","General Election 2020 - 11/03/2020",,"State Senator","34",1,"Manually Counted Emergency",0
"AD","ED","County","EDAD Status","Event","Party/Independent Body","Office/Position Title","District Key","VoteFor","Unit Name","Tally","87","076","Bronx","IN-PLAY","General Election 2020 - 11/03/2020",,"State Senator","34",1,"Absentee / Military",69
"AD","ED","County","EDAD Status","Event","Party/Independent Body","Office/Position Title","District Key","VoteFor","Unit Name","Tally","87","076","Bronx","IN-PLAY","General Election 2020 - 11/03/2020",,"State Senator","34",1,"Federal",0
"AD","ED","County","EDAD Status","Event","Party/Independent Body","Office/Position Title","District Key","VoteFor","Unit Name","Tally","87","076","Bronx","IN-PLAY","General Election 2020 - 11/03/2020",,"State Senator","34",1,"Special Presidential",0
"AD","ED","County","EDAD Status","Event","Party/Independent Body","Office/Position Title","District Key","VoteFor","Unit Name","Tally","87","076","Bronx","IN-PLAY","General Election 2020 - 11/03/2020",,"State Senator","34",1,"Affidavit",8
"AD","ED","County","EDAD Status","Event","Party/Independent Body","Office/Position Title","District Key","VoteFor","Unit Name","Tally","87","076","Bronx","IN-PLAY","General Election 2020 - 11/03/2020",,"State Senator","34",1,"Alessandra Biaggi (Democratic)",356
"AD","ED","County","EDAD Status","Event","Party/Independent Body","Office/Position Title","District Key","VoteFor","Unit Name","Tally","87","076","Bronx","IN-PLAY","General Election 2020 - 11/03/2020",,"State Senator","34",1,"James B. Gisondi (Republican)",75
"AD","ED","County","EDAD Status","Event","Party/Independent Body","Office/Position Title","District Key","VoteFor","Unit Name","Tally","87","076","Bronx","IN-PLAY","General Election 2020 - 11/03/2020",,"State Senator","34",1,"Antonio Vitiello (Conservative)",8
"AD","ED","County","EDAD Status","Event","Party/Independent Body","Office/Position Title","District Key","VoteFor","Unit Name","Tally","87","076","Bronx","IN-PLAY","General Election 2020 - 11/03/2020",,"State Senator","34",1,"Alessandra Biaggi (Working Families)",29
"AD","ED","County","EDAD Status","Event","Party/Independent Body","Office/Position Title","District Key","VoteFor","Unit Name","Tally","87","077","Bronx","IN-PLAY","General Election 2020 - 11/03/2020",,"State Senator","34",1,"Public Counter",497
"AD","ED","County","EDAD Status","Event","Party/Independent Body","Office/Position Title","District Key","VoteFor","Unit Name","Tally","87","077","Bronx","IN-PLAY","General Election 2020 - 11/03/2020",,"State Senator","34",1,"Manually Counted Emergency",0
"AD","ED","County","EDAD Status","Event","Party/Independent Body","Office/Position Title","District Key","VoteFor","Unit Name","Tally","87","077","Bronx","IN-PLAY","General Election 2020 - 11/03/2020",,"State Senator","34",1,"Absentee / Military",105
"AD","ED","County","EDAD Status","Event","Party/Independent Body","Office/Position Title","District Key","VoteFor","Unit Name","Tally","87","077","Bronx","IN-PLAY","General Election 2020 - 11/03/2020",,"State Senator","34",1,"Federal",0
"AD","ED","County","EDAD Status","Event","Party/Independent Body","Office/Position Title","District Key","VoteFor","Unit Name","Tally","87","077","Bronx","IN-PLAY","General Election 2020 - 11/03/2020",,"State Senator","34",1,"Special Presidential",0
"AD","ED","County","EDAD Status","Event","Party/Independent Body","Office/Position Title","District Key","VoteFor","Unit Name","Tally","87","077","Bronx","IN-PLAY","General Election 2020 - 11/03/2020",,"State Senator","34",1,"Affidavit",7
"AD","ED","County","EDAD Status","Event","Party/Independent Body","Office/Position Title","District Key","VoteFor","Unit Name","Tally","87","077","Bronx","IN-PLAY","General Election 2020 - 11/03/2020",,"State Senator","34",1,"Alessandra Biaggi (Democratic)",471
"AD","ED","County","EDAD Status","Event","Party/Independent Body","Office/Position Title","District Key","VoteFor","Unit Name","Tally","87","077","Bronx","IN-PLAY","General Election 2020 - 11/03/2020",,"State Senator","34",1,"James B. Gisondi (Republican)",64
"AD","ED","County","EDAD Status","Event","Party/Independent Body","Office/Position Title","District Key","VoteFor","Unit Name","Tally","87","077","Bronx","IN-PLAY","General Election 2020 - 11/03/2020",,"State Senator","34",1,"Antonio Vitiello (Conservative)",6
"AD","ED","County","EDAD Status","Event","Party/Independent Body","Office/Position Title","District Key","VoteFor","Unit Name","Tally","87","077","Bronx","IN-PLAY","General Election 2020 - 11/03/2020",,"State Senator","34",1,"Alessandra Biaggi (Working Families)",36
"AD","ED","County","EDAD Status","Event","Party/Independent Body","Office/Position Title","District Key","VoteFor","Unit Name","Tally","87","078","Bronx","IN-PLAY","General Election 2020 - 11/03/2020",,"State Senator","34",1,"Public Counter",443
"AD","ED","County","EDAD Status","Event","Party/Independent Body","Office/Position Title","District Key","VoteFor","Unit Name","Tally","87","078","Bronx","IN-PLAY","General Election 2020 - 11/03/2020",,"State Senator","34",1,"Manually Counted Emergency",0
"AD","ED","County","EDAD Status","Event","Party/Independent Body","Office/Position Title","District Key","VoteFor","Unit Name","Tally","87","078","Bronx","IN-PLAY","General Election 2020 - 11/03/2020",,"State Senator","34",1,"Absentee / Military",89
"AD","ED","County","EDAD Status","Event","Party/Independent Body","Office/Position Title","District Key","VoteFor","Unit Name","Tally","87","078","Bronx","IN-PLAY","General Election 2020 - 11/03/2020",,"State Senator","34",1,"Federal",0
"AD","ED","County","EDAD Status","Event","Party/Independent Body","Office/Position Title","District Key","VoteFor","Unit Name","Tally","87","078","Bronx","IN-PLAY","General Election 2020 - 11/03/2020",,"State Senator","34",1,"Special Presidential",0
"AD","ED","County","EDAD Status","Event","Party/Independent Body","Office/Position Title","District Key","VoteFor","Unit Name","Tally","87","078","Bronx","IN-PLAY","General Election 2020 - 11/03/2020",,"State Senator","34",1,"Affidavit",9
"AD","ED","County","EDAD Status","Event","Party/Independent Body","Office/Position Title","District Key","VoteFor","Unit Name","Tally","87","078","Bronx","IN-PLAY","General Election 2020 - 11/03/2020",,"State Senator","34",1,"Alessandra Biaggi (Democratic)",398
"AD","ED","County","EDAD Status","Event","Party/Independent Body","Office/Position Title","District Key","VoteFor","Unit Name","Tally","87","078","Bronx","IN-PLAY","General Election 2020 - 11/03/2020",,"State Senator","34",1,"James B. Gisondi (Republican)",80
"AD","ED","County","EDAD Status","Event","Party/Independent Body","Office/Position Title","District Key","VoteFor","Unit Name","Tally","87","078","Bronx","IN-PLAY","General Election 2020 - 11/03/2020",,"State Senator","34",1,"Antonio Vitiello (Conservative)",11
"AD","ED","County","EDAD Status","Event","Party/Independent Body","Office/Position Title","District Key","VoteFor","Unit Name","Tally","87","078","Bronx","IN-PLAY","General Election 2020 - 11/03/2020",,"State Senator","34",1,"Alessandra Biaggi (Working Families)",34
"AD","ED","County","EDAD Status","Event","Party/Independent Body","Office/Position Title","District Key","VoteFor","Unit Name","Tally","87","079","Bronx","IN-PLAY","General Election 2020 - 11/03/2020",,"State Senator","34",1,"Public Counter",136
"AD","ED","County","EDAD Status","Event","Party/Independent Body","Office/Position Title","District Key","VoteFor","Unit Name","Tally","87","079","Bronx","IN-PLAY","General Election 2020 - 11/03/2020",,"State Senator","34",1,"Manually Counted Emergency",0
"AD","ED","County","EDAD Status","Event","Party/Independent Body","Office/Position Title","District Key","VoteFor","Unit Name","Tally","87","079","Bronx","IN-PLAY","General Election 2020 - 11/03/2020",,"State Senator","34",1,"Absentee / Military",24
"AD","ED","County","EDAD Status","Event","Party/Independent Body","Office/Position Title","District Key","VoteFor","Unit Name","Tally","87","079","Bronx","IN-PLAY","General Election 2020 - 11/03/2020",,"State Senator","34",1,"Federal",0
"AD","ED","County","EDAD Status","Event","Party/Independent Body","Office/Position Title","District Key","VoteFor","Unit Name","Tally","87","079","Bronx","IN-PLAY","General Election 2020 - 11/03/2020",,"State Senator","34",1,"Special Presidential",0
"AD","ED","County","EDAD Status","Event","Party/Independent Body","Office/Position Title","District Key","VoteFor","Unit Name","Tally","87","079","Bronx","IN-PLAY","General Election 2020 - 11/03/2020",,"State Senator","34",1,"Affidavit",2
"AD","ED","County","EDAD Status","Event","Party/Independent Body","Office/Position Title","District Key","VoteFor","Unit Name","Tally","87","079","Bronx","IN-PLAY","General Election 2020 - 11/03/2020",,"State Senator","34",1,"Alessandra Biaggi (Democratic)",126
"AD","ED","County","EDAD Status","Event","Party/Independent Body","Office/Position Title","District Key","VoteFor","Unit Name","Tally","87","079","Bronx","IN-PLAY","General Election 2020 - 11/03/2020",,"State Senator","34",1,"James B. Gisondi (Republican)",16
"AD","ED","County","EDAD Status","Event","Party/Independent Body","Office/Position Title","District Key","VoteFor","Unit Name","Tally","87","079","Bronx","IN-PLAY","General Election 2020 - 11/03/2020",,"State Senator","34",1,"Antonio Vitiello (Conservative)",4
"AD","ED","County","EDAD Status","Event","Party/Independent Body","Office/Position Title","District Key","VoteFor","Unit Name","Tally","87","079","Bronx","IN-PLAY","General Election 2020 - 11/03/2020",,"State Senator","34",1,"Alessandra Biaggi (Working Families)",9
"AD","ED","County","EDAD Status","Event","Party/Independent Body","Office/Position Title","District Key","VoteFor","Unit Name","Tally","87","080","Bronx","IN-PLAY","General Election 2020 - 11/03/2020",,"State Senator","34",1,"Public Counter",367
"AD","ED","County","EDAD Status","Event","Party/Independent Body","Office/Position Title","District Key","VoteFor","Unit Name","Tally","87","080","Bronx","IN-PLAY","General Election 2020 - 11/03/2020",,"State Senator","34",1,"Manually Counted Emergency",0
"AD","ED","County","EDAD Status","Event","Party/Independent Body","Office/Position Title","District Key","VoteFor","Unit Name","Tally","87","080","Bronx","IN-PLAY","General Election 2020 - 11/03/2020",,"State Senator","34",1,"Absentee / Military",50
"AD","ED","County","EDAD Status","Event","Party/Independent Body","Office/Position Title","District Key","VoteFor","Unit Name","Tally","87","080","Bronx","IN-PLAY","General Election 2020 - 11/03/2020",,"State Senator","34",1,"Federal",0
"AD","ED","County","EDAD Status","Event","Party/Independent Body","Office/Position Title","District Key","VoteFor","Unit Name","Tally","87","080","Bronx","IN-PLAY","General Election 2020 - 11/03/2020",,"State Senator","34",1,"Special Presidential",0
"AD","ED","County","EDAD Status","Event","Party/Independent Body","Office/Position Title","District Key","VoteFor","Unit Name","Tally","87","080","Bronx","IN-PLAY","General Election 2020 - 11/03/2020",,"State Senator","34",1,"Affidavit",9
"AD","ED","County","EDAD Status","Event","Party/Independent Body","Office/Position Title","District Key","VoteFor","Unit Name","Tally","87","080","Bronx","IN-PLAY","General Election 2020 - 11/03/2020",,"State Senator","34",1,"Alessandra Biaggi (Democratic)",314
"AD","ED","County","EDAD Status","Event","Party/Independent Body","Office/Position Title","District Key","VoteFor","Unit Name","Tally","87","080","Bronx","IN-PLAY","General Election 2020 - 11/03/2020",,"State Senator","34",1,"James B. Gisondi (Republican)",55
"AD","ED","County","EDAD Status","Event","Party/Independent Body","Office/Position Title","District Key","VoteFor","Unit Name","Tally","87","080","Bronx","IN-PLAY","General Election 2020 - 11/03/2020",,"State Senator","34",1,"Antonio Vitiello (Conservative)",14
"AD","ED","County","EDAD Status","Event","Party/Independent Body","Office/Position Title","District Key","VoteFor","Unit Name","Tally","87","080","Bronx","IN-PLAY","General Election 2020 - 11/03/2020",,"State Senator","34",1,"Alessandra Biaggi (Working Families)",20
"AD","ED","County","EDAD Status","Event","Party/Independent Body","Office/Position Title","District Key","VoteFor","Unit Name","Tally","87","080","Bronx","IN-PLAY","General Election 2020 - 11/03/2020",,"State Senator","34",1,"Scattered",1
"AD","ED","County","EDAD Status","Event","Party/Independent Body","Office/Position Title","District Key","VoteFor","Unit Name","Tally","87","081","Bronx","IN-PLAY","General Election 2020 - 11/03/2020",,"State Senator","34",1,"Public Counter",388
"AD","ED","County","EDAD Status","Event","Party/Independent Body","Office/Position Title","District Key","VoteFor","Unit Name","Tally","87","081","Bronx","IN-PLAY","General Election 2020 - 11/03/2020",,"State Senator","34",1,"Manually Counted Emergency",0
"AD","ED","County","EDAD Status","Event","Party/Independent Body","Office/Position Title","District Key","VoteFor","Unit Name","Tally","87","081","Bronx","IN-PLAY","General Election 2020 - 11/03/2020",,"State Senator","34",1,"Absentee / Military",73
"AD","ED","County","EDAD Status","Event","Party/Independent Body","Office/Position Title","District Key","VoteFor","Unit Name","Tally","87","081","Bronx","IN-PLAY","General Election 2020 - 11/03/2020",,"State Senator","34",1,"Federal",0
"AD","ED","County","EDAD Status","Event","Party/Independent Body","Office/Position Title","District Key","VoteFor","Unit Name","Tally","87","081","Bronx","IN-PLAY","General Election 2020 - 11/03/2020",,"State Senator","34",1,"Special Presidential",0
"AD","ED","County","EDAD Status","Event","Party/Independent Body","Office/Position Title","District Key","VoteFor","Unit Name","Tally","87","081","Bronx","IN-PLAY","General Election 2020 - 11/03/2020",,"State Senator","34",1,"Affidavit",4
"AD","ED","County","EDAD Status","Event","Party/Independent Body","Office/Position Title","District Key","VoteFor","Unit Name","Tally","87","081","Bronx","IN-PLAY","General Election 2020 - 11/03/2020",,"State Senator","34",1,"Alessandra Biaggi (Democratic)",376
"AD","ED","County","EDAD Status","Event","Party/Independent Body","Office/Position Title","District Key","VoteFor","Unit Name","Tally","87","081","Bronx","IN-PLAY","General Election 2020 - 11/03/2020",,"State Senator","34",1,"James B. Gisondi (Republican)",53
"AD","ED","County","EDAD Status","Event","Party/Independent Body","Office/Position Title","District Key","VoteFor","Unit Name","Tally","87","081","Bronx","IN-PLAY","General Election 2020 - 11/03/2020",,"State Senator","34",1,"Antonio Vitiello (Conservative)",7
"AD","ED","County","EDAD Status","Event","Party/Independent Body","Office/Position Title","District Key","VoteFor","Unit Name","Tally","87","081","Bronx","IN-PLAY","General Election 2020 - 11/03/2020",,"State Senator","34",1,"Alessandra Biaggi (Working Families)",16
"AD","ED","County","EDAD Status","Event","Party/Independent Body","Office/Position Title","District Key","VoteFor","Unit Name","Tally","87","082","Bronx","IN-PLAY","General Election 2020 - 11/03/2020",,"State Senator","34",1,"Public Counter",278
"AD","ED","County","EDAD Status","Event","Party/Independent Body","Office/Position Title","District Key","VoteFor","Unit Name","Tally","87","082","Bronx","IN-PLAY","General Election 2020 - 11/03/2020",,"State Senator","34",1,"Manually Counted Emergency",0
"AD","ED","County","EDAD Status","Event","Party/Independent Body","Office/Position Title","District Key","VoteFor","Unit Name","Tally","87","082","Bronx","IN-PLAY","General Election 2020 - 11/03/2020",,"State Senator","34",1,"Absentee / Military",77
"AD","ED","County","EDAD Status","Event","Party/Independent Body","Office/Position Title","District Key","VoteFor","Unit Name","Tally","87","082","Bronx","IN-PLAY","General Election 2020 - 11/03/2020",,"State Senator","34",1,"Federal",0
"AD","ED","County","EDAD Status","Event","Party/Independent Body","Office/Position Title","District Key","VoteFor","Unit Name","Tally","87","082","Bronx","IN-PLAY","General Election 2020 - 11/03/2020",,"State Senator","34",1,"Special Presidential",0
"AD","ED","County","EDAD Status","Event","Party/Independent Body","Office/Position Title","District Key","VoteFor","Unit Name","Tally","87","082","Bronx","IN-PLAY","General Election 2020 - 11/03/2020",,"State Senator","34",1,"Affidavit",6
"AD","ED","County","EDAD Status","Event","Party/Independent Body","Office/Position Title","District Key","VoteFor","Unit Name","Tally","87","082","Bronx","IN-PLAY","General Election 2020 - 11/03/2020",,"State Senator","34",1,"Alessandra Biaggi (Democratic)",309
"AD","ED","County","EDAD Status","Event","Party/Independent Body","Office/Position Title","District Key","VoteFor","Unit Name","Tally","87","082","Bronx","IN-PLAY","General Election 2020 - 11/03/2020",,"State Senator","34",1,"James B. Gisondi (Republican)",18
"AD","ED","County","EDAD Status","Event","Party/Independent Body","Office/Position Title","District Key","VoteFor","Unit Name","Tally","87","082","Bronx","IN-PLAY","General Election 2020 - 11/03/2020",,"State Senator","34",1,"Antonio Vitiello (Conservative)",3
"AD","ED","County","EDAD Status","Event","Party/Independent Body","Office/Position Title","District Key","VoteFor","Unit Name","Tally","87","082","Bronx","IN-PLAY","General Election 2020 - 11/03/2020",,"State Senator","34",1,"Alessandra Biaggi (Working Families)",22
"AD","ED","County","EDAD Status","Event","Party/Independent Body","Office/Position Title","District Key","VoteFor","Unit Name","Tally","87","093","Bronx","IN-PLAY","General Election 2020 - 11/03/2020",,"State Senator","34",1,"Public Counter",0
"AD","ED","County","EDAD Status","Event","Party/Independent Body","Office/Position Title","District Key","VoteFor","Unit Name","Tally","87","093","Bronx","IN-PLAY","General Election 2020 - 11/03/2020",,"State Senator","34",1,"Manually Counted Emergency",0
"AD","ED","County","EDAD Status","Event","Party/Independent Body","Office/Position Title","District Key","VoteFor","Unit Name","Tally","87","093","Bronx","IN-PLAY","General Election 2020 - 11/03/2020",,"State Senator","34",1,"Absentee / Military",0
"AD","ED","County","EDAD Status","Event","Party/Independent Body","Office/Position Title","District Key","VoteFor","Unit Name","Tally","87","093","Bronx","IN-PLAY","General Election 2020 - 11/03/2020",,"State Senator","34",1,"Federal",0
"AD","ED","County","EDAD Status","Event","Party/Independent Body","Office/Position Title","District Key","VoteFor","Unit Name","Tally","87","093","Bronx","IN-PLAY","General Election 2020 - 11/03/2020",,"State Senator","34",1,"Special Presidential",0
"AD","ED","County","EDAD Status","Event","Party/Independent Body","Office/Position Title","District Key","VoteFor","Unit Name","Tally","87","093","Bronx","IN-PLAY","General Election 2020 - 11/03/2020",,"State Senator","34",1,"Affidavit",0
"AD","ED","County","EDAD Status","Event","Party/Independent Body","Office/Position Title","District Key","VoteFor","Unit Name","Tally","87","093","Bronx","IN-PLAY","General Election 2020 - 11/03/2020",,"State Senator","34",1,"Alessandra Biaggi (Democratic)",0
"AD","ED","County","EDAD Status","Event","Party/Independent Body","Office/Position Title","District Key","VoteFor","Unit Name","Tally","87","093","Bronx","IN-PLAY","General Election 2020 - 11/03/2020",,"State Senator","34",1,"James B. Gisondi (Republican)",0
"AD","ED","County","EDAD Status","Event","Party/Independent Body","Office/Position Title","District Key","VoteFor","Unit Name","Tally","87","093","Bronx","IN-PLAY","General Election 2020 - 11/03/2020",,"State Senator","34",1,"Antonio Vitiello (Conservative)",0
"AD","ED","County","EDAD Status","Event","Party/Independent Body","Office/Position Title","District Key","VoteFor","Unit Name","Tally","87","093","Bronx","IN-PLAY","General Election 2020 - 11/03/2020",,"State Senator","34",1,"Alessandra Biaggi (Working Families)",0
"AD","ED","County","EDAD Status","Event","Party/Independent Body","Office/Position Title","District Key","VoteFor","Unit Name","Tally","87","094","Bronx","COMBINED INTO 093/87","General Election 2020 - 11/03/2020",,"State Senator","34",1,"Public Counter",0
"AD","ED","County","EDAD Status","Event","Party/Independent Body","Office/Position Title","District Key","VoteFor","Unit Name","Tally","87","094","Bronx","COMBINED INTO 093/87","General Election 2020 - 11/03/2020",,"State Senator","34",1,"Manually Counted Emergency",0
"AD","ED","County","EDAD Status","Event","Party/Independent Body","Office/Position Title","District Key","VoteFor","Unit Name","Tally","87","094","Bronx","COMBINED INTO 093/87","General Election 2020 - 11/03/2020",,"State Senator","34",1,"Absentee / Military",0
"AD","ED","County","EDAD Status","Event","Party/Independent Body","Office/Position Title","District Key","VoteFor","Unit Name","Tally","87","094","Bronx","COMBINED INTO 093/87","General Election 2020 - 11/03/2020",,"State Senator","34",1,"Federal",0
"AD","ED","County","EDAD Status","Event","Party/Independent Body","Office/Position Title","District Key","VoteFor","Unit Name","Tally","87","094","Bronx","COMBINED INTO 093/87","General Election 2020 - 11/03/2020",,"State Senator","34",1,"Special Presidential",0
"AD","ED","County","EDAD Status","Event","Party/Independent Body","Office/Position Title","District Key","VoteFor","Unit Name","Tally","87","094","Bronx","COMBINED INTO 093/87","General Election 2020 - 11/03/2020",,"State Senator","34",1,"Affidavit",0
"AD","ED","County","EDAD Status","Event","Party/Independent Body","Office/Position Title","District Key","VoteFor","Unit Name","Tally","87","095","Bronx","COMBINED INTO 079/87","General Election 2020 - 11/03/2020",,"State Senator","34",1,"Public Counter",0
"AD","ED","County","EDAD Status","Event","Party/Independent Body","Office/Position Title","District Key","VoteFor","Unit Name","Tally","87","095","Bronx","COMBINED INTO 079/87","General Election 2020 - 11/03/2020",,"State Senator","34",1,"Manually Counted Emergency",0
"AD","ED","County","EDAD Status","Event","Party/Independent Body","Office/Position Title","District Key","VoteFor","Unit Name","Tally","87","095","Bronx","COMBINED INTO 079/87","General Election 2020 - 11/03/2020",,"State Senator","34",1,"Absentee / Military",0
"AD","ED","County","EDAD Status","Event","Party/Independent Body","Office/Position Title","District Key","VoteFor","Unit Name","Tally","87","095","Bronx","COMBINED INTO 079/87","General Election 2020 - 11/03/2020",,"State Senator","34",1,"Federal",0
"AD","ED","County","EDAD Status","Event","Party/Independent Body","Office/Position Title","District Key","VoteFor","Unit Name","Tally","87","095","Bronx","COMBINED INTO 079/87","General Election 2020 - 11/03/2020",,"State Senator","34",1,"Special Presidential",0
"AD","ED","County","EDAD Status","Event","Party/Independent Body","Office/Position Title","District Key","VoteFor","Unit Name","Tally","87","095","Bronx","COMBINED INTO 079/87","General Election 2020 - 11/03/2020",,"State Senator","34",1,"Affidavit",0
